# time  created  delivered  delivered/created
33.0000 1 0 0.0000
62.0000 2 0 0.0000
93.0000 3 0 0.0000
119.0000 4 0 0.0000
147.0000 5 0 0.0000
173.0000 6 0 0.0000
200.0000 7 0 0.0000
226.0000 8 0 0.0000
251.0000 9 0 0.0000
281.0000 10 0 0.0000
309.0000 11 0 0.0000
337.0000 12 0 0.0000
364.0000 13 0 0.0000
394.0000 14 0 0.0000
420.0000 15 0 0.0000
446.0000 16 0 0.0000
474.0000 17 0 0.0000
499.0000 18 0 0.0000
527.0000 19 0 0.0000
557.0000 20 0 0.0000
583.0000 21 0 0.0000
611.0000 22 0 0.0000
640.0000 23 0 0.0000
673.0000 24 0 0.0000
704.0000 25 0 0.0000
729.0000 26 0 0.0000
756.0000 27 0 0.0000
782.0000 28 0 0.0000
809.0000 29 0 0.0000
837.0000 30 0 0.0000
864.0000 31 0 0.0000
892.0000 32 0 0.0000
917.0000 33 0 0.0000
943.0000 34 0 0.0000
969.0000 35 0 0.0000
999.0000 36 0 0.0000
1024.0000 37 0 0.0000
1055.0000 38 0 0.0000
1080.0000 39 0 0.0000
1105.0000 40 0 0.0000
1133.0000 41 0 0.0000
1161.0000 42 0 0.0000
1195.0000 43 0 0.0000
1222.0000 44 0 0.0000
1249.0000 45 0 0.0000
1283.0000 46 0 0.0000
1305.4000 46 1 0.0217
1316.0000 47 1 0.0213
1350.0000 48 1 0.0208
1377.0000 49 1 0.0204
1410.0000 50 1 0.0200
1440.0000 51 1 0.0196
1446.4000 51 2 0.0392
1474.0000 52 2 0.0385
1501.0000 53 2 0.0377
1534.0000 54 2 0.0370
1560.0000 55 2 0.0364
1591.0000 56 2 0.0357
1620.0000 57 2 0.0351
1646.0000 58 2 0.0345
1678.0000 59 2 0.0339
1682.4000 59 3 0.0508
1712.0000 60 3 0.0500
1738.0000 61 3 0.0492
1769.0000 62 3 0.0484
1800.0000 63 3 0.0476
1826.0000 64 3 0.0469
1840.2000 64 4 0.0625
1852.0000 65 4 0.0615
1883.0000 66 4 0.0606
1908.0000 67 4 0.0597
1939.0000 68 4 0.0588
1966.0000 69 4 0.0580
1997.0000 70 4 0.0571
2027.0000 71 4 0.0563
2059.0000 72 4 0.0556
2088.0000 73 4 0.0548
2118.0000 74 4 0.0541
2146.0000 75 4 0.0533
2152.9000 75 5 0.0667
2171.0000 76 5 0.0658
2183.6000 76 6 0.0789
2204.0000 77 6 0.0779
2230.0000 78 6 0.0769
2257.0000 79 6 0.0759
2264.2000 79 7 0.0886
2287.0000 80 7 0.0875
2316.0000 81 7 0.0864
2346.0000 82 7 0.0854
2371.0000 83 7 0.0843
2405.0000 84 7 0.0833
2431.0000 85 7 0.0824
2452.2000 85 8 0.0941
2459.0000 86 8 0.0930
2490.0000 87 8 0.0920
2500.1000 87 9 0.1034
2522.0000 88 9 0.1023
2553.0000 89 9 0.1011
2582.0000 90 9 0.1000
2609.0000 91 9 0.0989
2636.0000 92 9 0.0978
2666.0000 93 9 0.0968
2693.0000 94 9 0.0957
2698.0000 94 10 0.1064
2721.0000 95 10 0.1053
2755.0000 96 10 0.1042
2784.0000 97 10 0.1031
2815.0000 98 10 0.1020
2847.9000 98 11 0.1122
2849.0000 99 11 0.1111
2880.0000 100 11 0.1100
2910.0000 101 11 0.1089
2941.0000 102 11 0.1078
2969.0000 103 11 0.1068
3003.0000 104 11 0.1058
3032.0000 105 11 0.1048
3064.0000 106 11 0.1038
3093.0000 107 11 0.1028
3122.0000 108 11 0.1019
3132.0000 108 12 0.1111
3156.0000 109 12 0.1101
3183.0000 110 12 0.1091
3210.0000 111 12 0.1081
3240.0000 112 12 0.1071
3266.6000 112 13 0.1161
3269.0000 113 13 0.1150
3280.6000 113 14 0.1239
3298.0000 114 14 0.1228
3325.0000 115 14 0.1217
3350.0000 116 14 0.1207
3384.0000 117 14 0.1197
3417.0000 118 14 0.1186
3442.0000 119 14 0.1176
3460.9000 119 15 0.1261
3469.0000 120 15 0.1250
3497.0000 121 15 0.1240
3520.4000 121 16 0.1322
3522.0000 122 16 0.1311
3526.8000 122 17 0.1393
3552.0000 123 17 0.1382
3564.9000 123 18 0.1463
3581.0000 124 18 0.1452
3598.2000 124 19 0.1532
3607.0000 125 19 0.1520
3619.6000 125 20 0.1600
3636.0000 126 20 0.1587
3642.6000 126 21 0.1667
3645.2000 126 22 0.1746
3670.0000 127 22 0.1732
3696.0000 128 22 0.1719
3724.0000 129 22 0.1705
3751.9000 129 23 0.1783
3755.3000 129 24 0.1860
3758.0000 130 24 0.1846
3787.3000 130 25 0.1923
3790.0000 131 25 0.1908
3797.9000 131 26 0.1985
3815.0000 132 26 0.1970
3843.0000 133 26 0.1955
3853.3000 133 27 0.2030
3875.0000 134 27 0.2015
3893.5000 134 28 0.2090
3903.0000 135 28 0.2074
3933.6000 135 29 0.2148
3935.0000 136 29 0.2132
3960.0000 137 29 0.2117
3992.0000 138 29 0.2101
4014.3000 138 30 0.2174
4026.0000 139 30 0.2158
4026.9000 139 31 0.2230
4054.0000 140 31 0.2214
4082.7000 140 32 0.2286
4087.9000 140 33 0.2357
4088.0000 141 33 0.2340
4120.0000 142 33 0.2324
4147.0000 143 33 0.2308
4177.3000 143 34 0.2378
4178.0000 144 34 0.2361
4181.8000 144 35 0.2431
4206.0000 145 35 0.2414
4235.0000 146 35 0.2397
4263.0000 147 35 0.2381
4268.4000 147 36 0.2449
4291.0000 148 36 0.2432
4292.3000 148 37 0.2500
4316.2000 148 38 0.2568
4323.0000 149 38 0.2550
4333.0000 149 39 0.2617
4353.0000 150 39 0.2600
4373.8000 150 40 0.2667
4380.0000 151 40 0.2649
4402.8000 151 41 0.2715
4409.0000 152 41 0.2697
4441.0000 153 41 0.2680
4471.6000 153 42 0.2745
4472.0000 154 42 0.2727
4502.0000 155 42 0.2710
4530.0000 156 42 0.2692
4559.0000 157 42 0.2675
4587.0000 158 42 0.2658
4614.1000 158 43 0.2722
4617.0000 159 43 0.2704
4644.0000 160 43 0.2688
4669.0000 161 43 0.2671
4701.0000 162 43 0.2654
4732.0000 163 43 0.2638
4758.0000 164 43 0.2622
4761.5000 164 44 0.2683
4785.0000 165 44 0.2667
4804.7000 165 45 0.2727
4812.0000 166 45 0.2711
4831.8000 166 46 0.2771
4845.0000 167 46 0.2754
4866.0000 167 47 0.2814
4872.3000 167 48 0.2874
4875.0000 168 48 0.2857
4900.0000 169 48 0.2840
4915.0000 169 49 0.2899
4933.0000 170 49 0.2882
4962.0000 171 49 0.2865
4989.0000 172 49 0.2849
5016.0000 173 49 0.2832
5041.0000 174 49 0.2816
5071.3000 174 50 0.2874
5073.0000 175 50 0.2857
5099.0000 176 50 0.2841
5129.0000 177 50 0.2825
5154.0000 178 50 0.2809
5161.9000 178 51 0.2865
5180.0000 179 51 0.2849
5206.8000 179 52 0.2905
5210.0000 180 52 0.2889
5221.1000 180 53 0.2944
5240.0000 181 53 0.2928
5255.7000 181 54 0.2983
5257.9000 181 55 0.3039
5269.0000 182 55 0.3022
5295.0000 183 55 0.3005
5324.0000 184 55 0.2989
5351.0000 185 55 0.2973
5370.2000 185 56 0.3027
5384.0000 186 56 0.3011
5412.0000 187 56 0.2995
5426.0000 187 57 0.3048
5445.0000 188 57 0.3032
5478.0000 189 57 0.3016
5512.0000 190 57 0.3000
5543.0000 191 57 0.2984
5555.5000 191 58 0.3037
5574.0000 192 58 0.3021
5603.0000 193 58 0.3005
5636.0000 194 58 0.2990
5666.0000 195 58 0.2974
5699.0000 196 58 0.2959
5713.8000 196 59 0.3010
5729.0000 197 59 0.2995
5749.6000 197 60 0.3046
5763.0000 198 60 0.3030
5789.0000 199 60 0.3015
5817.0000 200 60 0.3000
5845.0000 201 60 0.2985
5849.9000 201 61 0.3035
5870.0000 202 61 0.3020
5899.0000 203 61 0.3005
5910.2000 203 62 0.3054
5917.6000 203 63 0.3103
5927.8000 203 64 0.3153
5933.0000 204 64 0.3137
5961.0000 205 64 0.3122
5991.0000 206 64 0.3107
6016.0000 207 64 0.3092
6043.4000 207 65 0.3140
6046.0000 208 65 0.3125
6080.0000 209 65 0.3110
6108.2000 209 66 0.3158
6109.0000 210 66 0.3143
6119.7000 210 67 0.3190
6137.0000 211 67 0.3175
6159.1000 211 68 0.3223
6168.0000 212 68 0.3208
6197.0000 213 68 0.3192
6226.0000 214 68 0.3178
6257.0000 215 68 0.3163
6286.0000 216 68 0.3148
6304.7000 216 69 0.3194
6318.0000 217 69 0.3180
6347.0000 218 69 0.3165
6377.0000 219 69 0.3151
6401.6000 219 70 0.3196
6405.0000 220 70 0.3182
6431.0000 221 70 0.3167
6464.0000 222 70 0.3153
6495.0000 223 70 0.3139
6520.0000 224 70 0.3125
6553.0000 225 70 0.3111
6566.7000 225 71 0.3156
6580.0000 226 71 0.3142
6590.9000 226 72 0.3186
6614.0000 227 72 0.3172
6646.0000 228 72 0.3158
6673.0000 229 72 0.3144
6705.0000 230 72 0.3130
6737.0000 231 72 0.3117
6765.0000 232 72 0.3103
6791.0000 233 72 0.3090
6822.0000 234 72 0.3077
6851.0000 235 72 0.3064
6884.0000 236 72 0.3051
6909.0000 237 72 0.3038
6937.0000 238 72 0.3025
6965.0000 239 72 0.3013
6988.7000 239 73 0.3054
6995.0000 240 73 0.3042
7023.0000 241 73 0.3029
7048.0000 242 73 0.3017
7071.2000 242 74 0.3058
7078.0000 243 74 0.3045
7109.0000 244 74 0.3033
7137.0000 245 74 0.3020
7162.0000 246 74 0.3008
7194.0000 247 74 0.2996
7214.5000 247 75 0.3036
7219.4000 247 76 0.3077
7226.0000 248 76 0.3065
7250.4000 248 77 0.3105
7259.0000 249 77 0.3092
7290.0000 250 77 0.3080
7324.0000 251 77 0.3068
7358.0000 252 77 0.3056
7377.1000 252 78 0.3095
7387.0000 253 78 0.3083
7412.0000 254 78 0.3071
7445.0000 255 78 0.3059
7452.4000 255 79 0.3098
7455.3000 255 80 0.3137
7463.9000 255 81 0.3176
7474.3000 255 82 0.3216
7474.8000 255 83 0.3255
7475.0000 256 83 0.3242
7502.0000 257 83 0.3230
7503.7000 257 84 0.3268
7516.0000 257 85 0.3307
7533.0000 258 85 0.3295
7564.0000 259 85 0.3282
7567.3000 259 86 0.3320
7589.0000 260 86 0.3308
7609.1000 260 87 0.3346
7621.0000 261 87 0.3333
7651.0000 262 87 0.3321
7683.0000 263 87 0.3308
7690.4000 263 88 0.3346
7710.0000 264 88 0.3333
7741.0000 265 88 0.3321
7744.0000 265 89 0.3358
7766.0000 266 89 0.3346
7791.0000 267 89 0.3333
7816.0000 267 90 0.3371
7823.0000 268 90 0.3358
7855.0000 269 90 0.3346
7862.3000 269 91 0.3383
7884.0000 270 91 0.3370
7912.0000 271 91 0.3358
7943.0000 272 91 0.3346
7953.0000 272 92 0.3382
7975.8000 272 93 0.3419
7977.0000 273 93 0.3407
7979.8000 273 94 0.3443
8010.0000 274 94 0.3431
8039.0000 275 94 0.3418
8065.0000 276 94 0.3406
8095.0000 277 94 0.3394
8114.8000 277 95 0.3430
8128.0000 278 95 0.3417
8160.0000 279 95 0.3405
8173.7000 279 96 0.3441
8176.1000 279 97 0.3477
8188.1000 279 98 0.3513
8189.0000 280 98 0.3500
8194.9000 280 99 0.3536
8216.0000 281 99 0.3523
8248.0000 282 99 0.3511
8256.1000 282 100 0.3546
8273.0000 283 100 0.3534
8300.0000 284 100 0.3521
8333.0000 285 100 0.3509
8349.0000 285 101 0.3544
8367.0000 286 101 0.3531
8396.0000 287 101 0.3519
8396.3000 287 102 0.3554
8421.0000 288 102 0.3542
8451.0000 289 102 0.3529
8481.0000 290 102 0.3517
8510.0000 291 102 0.3505
8520.0000 291 103 0.3540
8542.0000 292 103 0.3527
8570.0000 293 103 0.3515
8585.4000 293 104 0.3549
8588.7000 293 105 0.3584
8597.0000 294 105 0.3571
8619.8000 294 106 0.3605
8623.0000 295 106 0.3593
8648.6000 295 107 0.3627
8649.0000 296 107 0.3615
8681.0000 297 107 0.3603
8713.0000 298 107 0.3591
8740.0000 299 107 0.3579
8773.0000 300 107 0.3567
8791.6000 300 108 0.3600
8799.0000 301 108 0.3588
8827.0000 302 108 0.3576
8859.0000 303 108 0.3564
8888.0000 304 108 0.3553
8918.0000 305 108 0.3541
8952.0000 306 108 0.3529
8965.7000 306 109 0.3562
8966.9000 306 110 0.3595
8982.0000 307 110 0.3583
9014.0000 308 110 0.3571
9025.5000 308 111 0.3604
9046.0000 309 111 0.3592
9053.2000 309 112 0.3625
9075.0000 310 112 0.3613
9109.0000 311 112 0.3601
9139.0000 312 112 0.3590
9151.3000 312 113 0.3622
9172.0000 313 113 0.3610
9199.0000 314 113 0.3599
9231.0000 315 113 0.3587
9260.0000 316 113 0.3576
9290.0000 317 113 0.3565
9319.6000 317 114 0.3596
9321.0000 318 114 0.3585
9348.0000 319 114 0.3574
9373.0000 320 114 0.3563
9384.9000 320 115 0.3594
9398.0000 321 115 0.3583
9406.2000 321 116 0.3614
9412.9000 321 117 0.3645
9427.0000 322 117 0.3634
9456.0000 323 117 0.3622
9471.2000 323 118 0.3653
9482.0000 324 118 0.3642
9516.0000 325 118 0.3631
9542.0000 326 118 0.3620
9574.0000 327 118 0.3609
9600.0000 328 118 0.3598
9625.0000 329 118 0.3587
9642.7000 329 119 0.3617
9646.8000 329 120 0.3647
9651.2000 329 121 0.3678
9652.0000 330 121 0.3667
9661.2000 330 122 0.3697
9673.5000 330 123 0.3727
9680.0000 331 123 0.3716
9707.0000 332 123 0.3705
9734.0000 333 123 0.3694
9759.0000 334 123 0.3683
9787.0000 335 123 0.3672
9814.0000 336 123 0.3661
9827.9000 336 124 0.3690
9835.9000 336 125 0.3720
9847.0000 337 125 0.3709
9875.0000 338 125 0.3698
9907.0000 339 125 0.3687
9928.8000 339 126 0.3717
9941.0000 340 126 0.3706
9974.0000 341 126 0.3695
10006.9000 341 127 0.3724
10008.0000 342 127 0.3713
10039.0000 343 127 0.3703
10065.0000 344 127 0.3692
10091.0000 345 127 0.3681
10119.0000 346 127 0.3671
10132.0000 346 128 0.3699
10149.0000 347 128 0.3689
10178.0000 348 128 0.3678
10198.5000 348 129 0.3707
10206.0000 349 129 0.3696
10235.0000 350 129 0.3686
10265.0000 351 129 0.3675
10298.0000 352 129 0.3665
10331.0000 353 129 0.3654
10346.6000 353 130 0.3683
10362.0000 354 130 0.3672
10389.0000 355 130 0.3662
10423.0000 356 130 0.3652
10456.0000 357 130 0.3641
10484.0000 358 130 0.3631
10515.0000 359 130 0.3621
10546.0000 360 130 0.3611
10552.4000 360 131 0.3639
10577.0000 361 131 0.3629
10606.0000 362 131 0.3619
10613.8000 362 132 0.3646
10640.0000 363 132 0.3636
10672.0000 364 132 0.3626
10688.4000 364 133 0.3654
10706.0000 365 133 0.3644
10737.0000 366 133 0.3634
10768.0000 367 133 0.3624
10785.9000 367 134 0.3651
10801.0000 368 134 0.3641
10806.2000 368 135 0.3668
10830.0000 369 135 0.3659
10849.5000 369 136 0.3686
10849.5000 369 137 0.3713
10858.0000 370 137 0.3703
10858.0000 370 138 0.3730
10892.0000 371 138 0.3720
10914.1000 371 139 0.3747
10920.0000 372 139 0.3737
10930.7000 372 140 0.3763
10950.0000 373 140 0.3753
10959.5000 373 141 0.3780
10980.0000 374 141 0.3770
11010.0000 375 141 0.3760
11041.0000 376 141 0.3750
11051.4000 376 142 0.3777
11072.0000 377 142 0.3767
11100.0000 378 142 0.3757
11119.0000 378 143 0.3783
11126.0000 379 143 0.3773
11160.0000 380 143 0.3763
11181.7000 380 144 0.3789
11186.0000 381 144 0.3780
11217.0000 382 144 0.3770
11242.0000 383 144 0.3760
11266.2000 383 145 0.3786
11276.0000 384 145 0.3776
11285.6000 384 146 0.3802
11289.7000 384 147 0.3828
11310.0000 385 147 0.3818
11324.2000 385 148 0.3844
11341.0000 385 149 0.3870
11343.0000 386 149 0.3860
11374.0000 387 149 0.3850
11403.0000 388 149 0.3840
11432.0000 389 149 0.3830
11464.0000 390 149 0.3821
11486.9000 390 150 0.3846
11489.0000 391 150 0.3836
11519.0000 392 150 0.3827
11549.0000 393 150 0.3817
11558.7000 393 151 0.3842
11579.0000 394 151 0.3832
11608.0000 395 151 0.3823
11629.3000 395 152 0.3848
11641.0000 396 152 0.3838
11661.8000 396 153 0.3864
11672.0000 397 153 0.3854
11704.0000 398 153 0.3844
11710.4000 398 154 0.3869
11731.0000 399 154 0.3860
11757.0000 400 154 0.3850
11774.8000 400 155 0.3875
11791.0000 401 155 0.3865
11823.0000 402 155 0.3856
11852.0000 403 155 0.3846
11852.0000 403 156 0.3871
11883.0000 404 156 0.3861
11898.4000 404 157 0.3886
11904.5000 404 158 0.3911
11909.0000 405 158 0.3901
11940.0000 406 158 0.3892
11974.0000 407 158 0.3882
12000.4000 407 159 0.3907
12004.0000 408 159 0.3897
12035.0000 409 159 0.3888
12062.0000 410 159 0.3878
12081.1000 410 160 0.3902
12095.0000 411 160 0.3893
12120.1000 411 161 0.3917
12122.0000 412 161 0.3908
12132.1000 412 162 0.3932
12149.0000 413 162 0.3923
12177.0000 414 162 0.3913
12178.9000 414 163 0.3937
12181.7000 414 164 0.3961
12202.0000 415 164 0.3952
12221.1000 415 165 0.3976
12229.0000 416 165 0.3966
12257.0000 417 165 0.3957
12279.7000 417 166 0.3981
12289.0000 418 166 0.3971
12323.0000 419 166 0.3962
12330.9000 419 167 0.3986
12344.3000 419 168 0.4010
12355.0000 420 168 0.4000
12388.0000 421 168 0.3990
12394.6000 421 169 0.4014
12421.0000 422 169 0.4005
12439.9000 422 170 0.4028
12446.0000 423 170 0.4019
12471.0000 424 170 0.4009
12486.6000 424 171 0.4033
12489.6000 424 172 0.4057
12504.0000 425 172 0.4047
12531.0000 426 172 0.4038
12563.0000 427 172 0.4028
12582.9000 427 173 0.4052
12589.0000 428 173 0.4042
12623.0000 429 173 0.4033
12656.0000 430 173 0.4023
12667.7000 430 174 0.4047
12672.4000 430 175 0.4070
12689.0000 431 175 0.4060
12715.0000 432 175 0.4051
12746.0000 433 175 0.4042
12779.0000 434 175 0.4032
12787.3000 434 176 0.4055
12797.8000 434 177 0.4078
12813.0000 435 177 0.4069
12846.0000 436 177 0.4060
12880.0000 437 177 0.4050
12908.0000 438 177 0.4041
12940.0000 439 177 0.4032
12944.5000 439 178 0.4055
12974.0000 440 178 0.4045
12974.3000 440 179 0.4068
13005.0000 441 179 0.4059
13032.2000 441 180 0.4082
13033.0000 442 180 0.4072
13065.0000 443 180 0.4063
13098.0000 444 180 0.4054
13115.6000 444 181 0.4077
13130.0000 445 181 0.4067
13155.0000 446 181 0.4058
13163.1000 446 182 0.4081
13180.0000 447 182 0.4072
13197.1000 447 183 0.4094
13211.0000 448 183 0.4085
13226.6000 448 184 0.4107
13227.9000 448 185 0.4129
13237.0000 449 185 0.4120
13258.3000 449 186 0.4143
13268.0000 450 186 0.4133
13302.0000 451 186 0.4124
13332.0000 452 186 0.4115
13359.6000 452 187 0.4137
13365.0000 453 187 0.4128
13396.0000 454 187 0.4119
13429.0000 455 187 0.4110
13456.0000 456 187 0.4101
13490.0000 457 187 0.4092
13518.0000 458 187 0.4083
13545.0000 459 187 0.4074
13548.0000 459 188 0.4096
13573.0000 460 188 0.4087
13574.7000 460 189 0.4109
13586.9000 460 190 0.4130
13590.2000 460 191 0.4152
13599.0000 461 191 0.4143
13612.3000 461 192 0.4165
13627.0000 462 192 0.4156
13659.0000 463 192 0.4147
13687.0000 464 192 0.4138
13714.0000 465 192 0.4129
13737.4000 465 193 0.4151
13743.0000 466 193 0.4142
13743.4000 466 194 0.4163
13770.0000 467 194 0.4154
13797.7000 467 195 0.4176
13801.0000 468 195 0.4167
13820.7000 468 196 0.4188
13830.0000 469 196 0.4179
13838.4000 469 197 0.4200
13861.0000 470 197 0.4191
13886.0000 471 197 0.4183
13916.0000 472 197 0.4174
13925.4000 472 198 0.4195
13946.0000 473 198 0.4186
13964.5000 473 199 0.4207
13964.6000 473 200 0.4228
13978.0000 474 200 0.4219
14006.0000 475 200 0.4211
14033.0000 476 200 0.4202
14062.0000 477 200 0.4193
14068.5000 477 201 0.4214
14087.0000 478 201 0.4205
14115.0000 479 201 0.4196
14148.0000 480 201 0.4188
14180.0000 481 201 0.4179
14185.7000 481 202 0.4200
14213.0000 482 202 0.4191
14239.8000 482 203 0.4212
14246.0000 483 203 0.4203
14280.0000 484 203 0.4194
14308.0000 485 203 0.4186
14320.5000 485 204 0.4206
14325.6000 485 205 0.4227
14342.0000 486 205 0.4218
14372.0000 487 205 0.4209
14397.0000 488 205 0.4201
14397.0000 488 206 0.4221
14427.0000 489 206 0.4213
14427.6000 489 207 0.4233
14453.0000 490 207 0.4224
14458.6000 490 208 0.4245
14484.0000 491 208 0.4236
14518.0000 492 208 0.4228
14536.4000 492 209 0.4248
14545.0000 493 209 0.4239
14573.0000 494 209 0.4231
14602.0000 495 209 0.4222
14618.2000 495 210 0.4242
14628.3000 495 211 0.4263
14636.0000 496 211 0.4254
14641.3000 496 212 0.4274
14663.0000 497 212 0.4266
14690.3000 497 213 0.4286
14696.0000 498 213 0.4277
14728.0000 499 213 0.4269
14758.0000 500 213 0.4260
14763.5000 500 214 0.4280
14792.0000 501 214 0.4271
14815.2000 501 215 0.4291
14818.0000 502 215 0.4283
14831.3000 502 216 0.4303
14832.6000 502 217 0.4323
14850.0000 503 217 0.4314
14877.0000 504 217 0.4306
14906.0000 505 217 0.4297
14921.4000 505 218 0.4317
14932.0000 506 218 0.4308
14958.0000 507 218 0.4300
14982.9000 507 219 0.4320
14990.0000 508 219 0.4311
15020.0000 509 219 0.4303
15025.5000 509 220 0.4322
15028.3000 509 221 0.4342
15036.5000 509 222 0.4361
15049.0000 510 222 0.4353
15075.0000 511 222 0.4344
15107.0000 512 222 0.4336
15130.2000 512 223 0.4355
15141.0000 513 223 0.4347
15172.0000 514 223 0.4339
15200.0000 515 223 0.4330
15231.0000 516 223 0.4322
15251.9000 516 224 0.4341
15257.0000 517 224 0.4333
15282.0000 518 224 0.4324
15314.0000 519 224 0.4316
15346.0000 520 224 0.4308
15377.0000 521 224 0.4299
15393.9000 521 225 0.4319
15409.0000 522 225 0.4310
15411.0000 522 226 0.4330
15443.0000 523 226 0.4321
15450.2000 523 227 0.4340
15474.0000 524 227 0.4332
15501.0000 525 227 0.4324
15529.0000 526 227 0.4316
15557.0000 527 227 0.4307
15590.0000 528 227 0.4299
15600.1000 528 228 0.4318
15623.0000 529 228 0.4310
15653.0000 530 228 0.4302
15681.0000 531 228 0.4294
15682.7000 531 229 0.4313
15711.0000 532 229 0.4305
15717.6000 532 230 0.4323
15742.0000 533 230 0.4315
15769.5000 533 231 0.4334
15772.0000 534 231 0.4326
15791.8000 534 232 0.4345
15797.0000 535 232 0.4336
15806.4000 535 233 0.4355
15826.0000 536 233 0.4347
15829.1000 536 234 0.4366
15856.0000 537 234 0.4358
15876.5000 537 235 0.4376
15888.0000 538 235 0.4368
15904.2000 538 236 0.4387
15910.3000 538 237 0.4405
15920.0000 539 237 0.4397
15944.1000 539 238 0.4416
15952.0000 540 238 0.4407
15980.0000 541 238 0.4399
16013.0000 542 238 0.4391
16047.0000 543 238 0.4383
16081.0000 544 238 0.4375
16101.6000 544 239 0.4393
16108.0000 545 239 0.4385
16130.4000 545 240 0.4404
16134.0000 546 240 0.4396
16134.2000 546 241 0.4414
16136.8000 546 242 0.4432
16152.1000 546 243 0.4451
16152.9000 546 244 0.4469
16159.0000 547 244 0.4461
16175.5000 547 245 0.4479
16178.7000 547 246 0.4497
16182.3000 547 247 0.4516
16190.0000 548 247 0.4507
16205.8000 548 248 0.4526
16218.0000 549 248 0.4517
16232.1000 549 249 0.4536
16250.0000 550 249 0.4527
16283.0000 551 249 0.4519
16287.1000 551 250 0.4537
16311.0000 552 250 0.4529
16344.0000 553 250 0.4521
16350.8000 553 251 0.4539
16372.0000 554 251 0.4531
16403.0000 555 251 0.4523
16407.4000 555 252 0.4541
16436.0000 556 252 0.4532
16462.0000 557 252 0.4524
16494.0000 558 252 0.4516
16520.0000 559 252 0.4508
16538.3000 559 253 0.4526
16554.0000 560 253 0.4518
16584.0000 561 253 0.4510
16599.2000 561 254 0.4528
16610.0000 562 254 0.4520
16633.0000 562 255 0.4537
16636.0000 563 255 0.4529
16636.4000 563 256 0.4547
16665.0000 564 256 0.4539
16693.0000 565 256 0.4531
16723.0000 566 256 0.4523
16726.6000 566 257 0.4541
16740.5000 566 258 0.4558
16750.0000 567 258 0.4550
16779.0000 568 258 0.4542
16799.2000 568 259 0.4560
16806.0000 569 259 0.4552
16818.6000 569 260 0.4569
16827.5000 569 261 0.4587
16834.0000 570 261 0.4579
16837.9000 570 262 0.4596
16862.0000 571 262 0.4588
16893.0000 572 262 0.4580
16902.6000 572 263 0.4598
16907.4000 572 264 0.4615
16925.0000 573 264 0.4607
16950.0000 574 264 0.4599
16958.2000 574 265 0.4617
16973.9000 574 266 0.4634
16978.0000 575 266 0.4626
17010.0000 576 266 0.4618
17038.0000 577 266 0.4610
17045.9000 577 267 0.4627
17069.0000 578 267 0.4619
17093.9000 578 268 0.4637
17098.0000 579 268 0.4629
17132.0000 580 268 0.4621
17132.6000 580 269 0.4638
17134.7000 580 270 0.4655
17160.0000 581 270 0.4647
17193.0000 582 270 0.4639
17218.0000 583 270 0.4631
17243.0000 584 270 0.4623
17245.0000 584 271 0.4640
17251.0000 584 272 0.4658
17268.0000 585 272 0.4650
17298.8000 585 273 0.4667
17302.0000 586 273 0.4659
17305.1000 586 274 0.4676
17336.0000 587 274 0.4668
17341.7000 587 275 0.4685
17369.0000 588 275 0.4677
17395.0000 589 275 0.4669
17428.0000 590 275 0.4661
17455.0000 591 275 0.4653
17484.0000 592 275 0.4645
17513.0000 593 275 0.4637
17540.0000 594 275 0.4630
17573.0000 595 275 0.4622
17603.0000 596 275 0.4614
17630.5000 596 276 0.4631
17634.0000 597 276 0.4623
17655.1000 597 277 0.4640
17659.1000 597 278 0.4657
17668.0000 598 278 0.4649
17696.0000 599 278 0.4641
17705.9000 599 279 0.4658
17729.0000 600 279 0.4650
17736.6000 600 280 0.4667
17738.3000 600 281 0.4683
17761.0000 601 281 0.4676
17771.6000 601 282 0.4692
17795.0000 602 282 0.4684
17804.7000 602 283 0.4701
17814.1000 602 284 0.4718
17825.0000 603 284 0.4710
17853.0000 604 284 0.4702
17886.0000 605 284 0.4694
17915.0000 606 284 0.4686
17938.3000 606 285 0.4703
17941.0000 607 285 0.4695
17975.0000 608 285 0.4688
17986.5000 608 286 0.4704
18002.5000 608 287 0.4720
18005.0000 609 287 0.4713
18031.0000 610 287 0.4705
18060.0000 611 287 0.4697
18073.0000 611 288 0.4714
18094.0000 612 288 0.4706
18122.0000 613 288 0.4698
18153.0000 614 288 0.4691
18180.0000 615 288 0.4683
18199.4000 615 289 0.4699
18200.3000 615 290 0.4715
18209.5000 615 291 0.4732
18213.0000 616 291 0.4724
18220.4000 616 292 0.4740
18246.0000 617 292 0.4733
18273.0000 618 292 0.4725
18291.0000 618 293 0.4741
18303.0000 619 293 0.4733
18336.0000 620 293 0.4726
18368.0000 621 293 0.4718
18389.4000 621 294 0.4734
18394.0000 622 294 0.4727
18425.0000 623 294 0.4719
18459.0000 624 294 0.4712
18486.0000 625 294 0.4704
18519.0000 626 294 0.4696
18552.0000 627 294 0.4689
18554.7000 627 295 0.4705
18562.1000 627 296 0.4721
18584.0000 628 296 0.4713
18617.0000 629 296 0.4706
18644.0000 630 296 0.4698
18669.0000 631 296 0.4691
18672.5000 631 297 0.4707
18695.0000 632 297 0.4699
18712.7000 632 298 0.4715
18713.4000 632 299 0.4731
18723.0000 633 299 0.4724
18734.0000 633 300 0.4739
18748.0000 634 300 0.4732
18768.8000 634 301 0.4748
18778.0000 635 301 0.4740
18808.0000 636 301 0.4733
18835.0000 637 301 0.4725
18838.6000 637 302 0.4741
18860.0000 638 302 0.4734
18875.6000 638 303 0.4749
18893.0000 639 303 0.4742
18894.1000 639 304 0.4757
18925.0000 640 304 0.4750
18936.0000 640 305 0.4766
18936.3000 640 306 0.4781
18951.0000 641 306 0.4774
18963.3000 641 307 0.4789
18978.0000 642 307 0.4782
18980.1000 642 308 0.4798
19001.1000 642 309 0.4813
19004.0000 643 309 0.4806
19025.2000 643 310 0.4821
19032.0000 644 310 0.4814
19054.2000 644 311 0.4829
19065.0000 645 311 0.4822
19096.0000 646 311 0.4814
19127.0000 647 311 0.4807
19158.0000 648 311 0.4799
19186.0000 649 311 0.4792
19214.0000 650 311 0.4785
19217.6000 650 312 0.4800
19239.0000 651 312 0.4793
19260.4000 651 313 0.4808
19269.0000 652 313 0.4801
19300.0000 653 313 0.4793
19320.1000 653 314 0.4809
19321.2000 653 315 0.4824
19323.3000 653 316 0.4839
19328.0000 654 316 0.4832
19353.2000 654 317 0.4847
19359.0000 655 317 0.4840
19385.0000 656 317 0.4832
19415.0000 657 317 0.4825
19441.0000 658 317 0.4818
19470.0000 659 317 0.4810
19499.0000 660 317 0.4803
19524.0000 661 317 0.4796
19539.2000 661 318 0.4811
19552.9000 661 319 0.4826
19556.0000 662 319 0.4819
19583.0000 663 319 0.4811
19608.0000 664 319 0.4804
19634.0000 665 319 0.4797
19660.0000 666 319 0.4790
19689.0000 667 319 0.4783
19692.5000 667 320 0.4798
19719.0000 668 320 0.4790
19748.0000 669 320 0.4783
19751.7000 669 321 0.4798
19767.7000 669 322 0.4813
19782.0000 670 322 0.4806
19809.0000 671 322 0.4799
19833.3000 671 323 0.4814
19834.0000 672 323 0.4807
19862.8000 672 324 0.4821
19864.0000 673 324 0.4814
19883.4000 673 325 0.4829
19891.0000 674 325 0.4822
19918.0000 675 325 0.4815
19934.5000 675 326 0.4830
19935.4000 675 327 0.4844
19952.0000 676 327 0.4837
19981.0000 677 327 0.4830
19994.5000 677 328 0.4845
20013.0000 678 328 0.4838
20045.0000 679 328 0.4831
20073.3000 679 329 0.4845
20076.0000 680 329 0.4838
20094.7000 680 330 0.4853
20106.0000 681 330 0.4846
20131.9000 681 331 0.4860
20139.0000 682 331 0.4853
20168.0000 683 331 0.4846
20184.0000 683 332 0.4861
20200.0000 684 332 0.4854
20230.0000 685 332 0.4847
20254.8000 685 333 0.4861
20264.0000 686 333 0.4854
20288.5000 686 334 0.4869
20296.0000 687 334 0.4862
20312.5000 687 335 0.4876
20329.0000 688 335 0.4869
20349.9000 688 336 0.4884
20360.0000 689 336 0.4877
20372.5000 689 337 0.4891
20392.0000 690 337 0.4884
20417.0000 691 337 0.4877
20450.0000 692 337 0.4870
20483.0000 693 337 0.4863
20493.9000 693 338 0.4877
20508.0000 694 338 0.4870
20534.0000 695 338 0.4863
20561.0000 696 338 0.4856
20586.0000 697 338 0.4849
20616.0000 697 339 0.4864
20618.0000 698 339 0.4857
20632.9000 698 340 0.4871
20635.7000 698 341 0.4885
20649.0000 699 341 0.4878
20669.7000 699 342 0.4893
20679.0000 700 342 0.4886
20706.0000 701 342 0.4879
20706.7000 701 343 0.4893
20736.0000 702 343 0.4886
20757.3000 702 344 0.4900
20762.0000 703 344 0.4893
20784.9000 703 345 0.4908
20788.0000 704 345 0.4901
20791.9000 704 346 0.4915
20794.5000 704 347 0.4929
20795.8000 704 348 0.4943
20819.0000 705 348 0.4936
20825.9000 705 349 0.4950
20827.4000 705 350 0.4965
20844.4000 705 351 0.4979
20849.0000 706 351 0.4972
20882.0000 707 351 0.4965
20897.2000 707 352 0.4979
20899.3000 707 353 0.4993
20915.0000 708 353 0.4986
20940.0000 709 353 0.4979
20970.0000 710 353 0.4972
20973.2000 710 354 0.4986
20998.0000 711 354 0.4979
21014.2000 711 355 0.4993
21023.0000 712 355 0.4986
21056.0000 713 355 0.4979
21075.0000 713 356 0.4993
21085.0000 714 356 0.4986
21102.4000 714 357 0.5000
21112.7000 714 358 0.5014
21116.0000 715 358 0.5007
21147.0000 716 358 0.5000
21147.8000 716 359 0.5014
21178.0000 717 359 0.5007
21206.0000 718 359 0.5000
21232.0000 719 359 0.4993
21263.0000 720 359 0.4986
21296.0000 721 359 0.4979
21296.4000 721 360 0.4993
21299.8000 721 361 0.5007
21327.0000 722 361 0.5000
21338.6000 722 362 0.5014
21347.0000 722 363 0.5028
21355.0000 723 363 0.5021
21386.0000 724 363 0.5014
21414.0000 725 363 0.5007
21430.9000 725 364 0.5021
21446.0000 726 364 0.5014
21474.0000 727 364 0.5007
21478.1000 727 365 0.5021
21486.4000 727 366 0.5034
21502.0000 728 366 0.5027
21523.4000 728 367 0.5041
21533.0000 729 367 0.5034
21539.8000 729 368 0.5048
21564.0000 730 368 0.5041
21598.0000 731 368 0.5034
21627.0000 732 368 0.5027
21636.6000 732 369 0.5041
21652.0000 733 369 0.5034
21652.9000 733 370 0.5048
21657.1000 733 371 0.5061
21659.9000 733 372 0.5075
21662.7000 733 373 0.5089
21684.0000 734 373 0.5082
21717.0000 735 373 0.5075
21743.0000 736 373 0.5068
21752.9000 736 374 0.5082
21772.0000 737 374 0.5075
21792.1000 737 375 0.5088
21792.6000 737 376 0.5102
21798.0000 738 376 0.5095
21829.0000 739 376 0.5088
21860.0000 739 377 0.5101
21860.0000 740 377 0.5095
21890.0000 741 377 0.5088
21909.6000 741 378 0.5101
21910.7000 741 379 0.5115
21924.0000 742 379 0.5108
21947.4000 742 380 0.5121
21952.0000 743 380 0.5114
21986.0000 744 380 0.5108
21991.0000 744 381 0.5121
22019.0000 745 381 0.5114
22038.8000 745 382 0.5128
22045.0000 746 382 0.5121
22051.7000 746 383 0.5134
22076.0000 747 383 0.5127
22102.0000 748 383 0.5120
22130.3000 748 384 0.5134
22134.0000 749 384 0.5127
22134.4000 749 385 0.5140
22166.0000 750 385 0.5133
22191.0000 751 385 0.5126
22208.1000 751 386 0.5140
22224.0000 752 386 0.5133
22250.0000 753 386 0.5126
22282.0000 754 386 0.5119
22286.6000 754 387 0.5133
22287.2000 754 388 0.5146
22313.0000 755 388 0.5139
22347.0000 756 388 0.5132
22380.0000 757 388 0.5125
22386.3000 757 389 0.5139
22407.6000 757 390 0.5152
22411.0000 758 390 0.5145
22430.0000 758 391 0.5158
22439.0000 759 391 0.5152
22443.0000 759 392 0.5165
22456.0000 759 393 0.5178
22470.0000 760 393 0.5171
22497.6000 760 394 0.5184
22499.0000 761 394 0.5177
22528.0000 762 394 0.5171
22532.0000 762 395 0.5184
22539.5000 762 396 0.5197
22547.0000 762 397 0.5210
22558.0000 763 397 0.5203
22573.8000 763 398 0.5216
22587.0000 764 398 0.5209
22612.0000 765 398 0.5203
22642.0000 766 398 0.5196
22644.8000 766 399 0.5209
22657.5000 766 400 0.5222
22662.5000 766 401 0.5235
22669.4000 766 402 0.5248
22671.0000 767 402 0.5241
22700.6000 767 403 0.5254
22702.0000 768 403 0.5247
22728.0000 769 403 0.5241
22761.0000 770 403 0.5234
22790.4000 770 404 0.5247
22794.0000 771 404 0.5240
22820.0000 772 404 0.5233
22851.0000 773 404 0.5226
22879.0000 774 404 0.5220
22898.9000 774 405 0.5233
22901.7000 774 406 0.5245
22913.0000 775 406 0.5239
22923.5000 775 407 0.5252
22927.1000 775 408 0.5265
22941.0000 776 408 0.5258
22943.3000 776 409 0.5271
22955.1000 776 410 0.5284
22969.0000 777 410 0.5277
22994.0000 778 410 0.5270
22995.4000 778 411 0.5283
23009.5000 778 412 0.5296
23022.0000 779 412 0.5289
23025.8000 779 413 0.5302
23031.0000 779 414 0.5315
23033.7000 779 415 0.5327
23048.0000 780 415 0.5321
23077.0000 781 415 0.5314
23092.0000 781 416 0.5327
23111.0000 782 416 0.5320
23123.5000 782 417 0.5332
23143.0000 783 417 0.5326
23148.0000 783 418 0.5338
23148.1000 783 419 0.5351
23171.5000 783 420 0.5364
23175.0000 784 420 0.5357
23195.5000 784 421 0.5370
23209.0000 785 421 0.5363
23235.5000 785 422 0.5376
23237.0000 786 422 0.5369
23264.0000 787 422 0.5362
23267.5000 787 423 0.5375
23287.7000 787 424 0.5388
23298.0000 788 424 0.5381
23325.0000 789 424 0.5374
23351.0000 790 424 0.5367
23375.6000 790 425 0.5380
23380.0000 791 425 0.5373
23407.5000 791 426 0.5386
23408.0000 792 426 0.5379
23409.3000 792 427 0.5391
23421.3000 792 428 0.5404
23429.4000 792 429 0.5417
23433.0000 793 429 0.5410
23463.0000 794 429 0.5403
23492.1000 794 430 0.5416
23495.0000 795 430 0.5409
23507.7000 795 431 0.5421
23524.0000 796 431 0.5415
23548.9000 796 432 0.5427
23556.0000 797 432 0.5420
23586.0000 798 432 0.5414
23611.0000 799 432 0.5407
23640.0000 800 432 0.5400
23665.0000 801 432 0.5393
23671.0000 801 433 0.5406
23695.0000 802 433 0.5399
23724.0000 803 433 0.5392
23738.2000 803 434 0.5405
23739.5000 803 435 0.5417
23739.6000 803 436 0.5430
23757.0000 804 436 0.5423
23771.0000 804 437 0.5435
23789.0000 805 437 0.5429
23790.6000 805 438 0.5441
23822.0000 806 438 0.5434
23848.0000 806 439 0.5447
23853.0000 807 439 0.5440
23858.5000 807 440 0.5452
23875.5000 807 441 0.5465
23878.0000 808 441 0.5458
23905.6000 808 442 0.5470
23908.0000 809 442 0.5464
23939.0000 810 442 0.5457
23943.7000 810 443 0.5469
23959.8000 810 444 0.5481
23963.2000 810 445 0.5494
23964.0000 811 445 0.5487
23967.6000 811 446 0.5499
23985.1000 811 447 0.5512
23992.0000 812 447 0.5505
24023.0000 813 447 0.5498
24037.2000 813 448 0.5510
24052.8000 813 449 0.5523
24057.0000 814 449 0.5516
24065.6000 814 450 0.5528
24066.0000 814 451 0.5541
24084.0000 815 451 0.5534
24109.0000 816 451 0.5527
24141.0000 817 451 0.5520
24157.8000 817 452 0.5532
24167.7000 817 453 0.5545
24173.0000 818 453 0.5538
24195.7000 818 454 0.5550
24202.0000 819 454 0.5543
24235.0000 820 454 0.5537
24264.8000 820 455 0.5549
24264.9000 820 456 0.5561
24269.0000 821 456 0.5554
24296.2000 821 457 0.5566
24299.0000 822 457 0.5560
24328.0000 823 457 0.5553
24356.0000 824 457 0.5546
24361.1000 824 458 0.5558
24386.0000 825 458 0.5552
24419.0000 826 458 0.5545
24453.0000 827 458 0.5538
24470.4000 827 459 0.5550
24471.8000 827 460 0.5562
24478.0000 828 460 0.5556
24501.8000 828 461 0.5568
24503.0000 829 461 0.5561
24504.5000 829 462 0.5573
24535.0000 830 462 0.5566
24563.0000 831 462 0.5560
24589.0000 832 462 0.5553
24623.0000 833 462 0.5546
24650.0000 834 462 0.5540
24668.1000 834 463 0.5552
24678.0000 835 463 0.5545
24711.0000 836 463 0.5538
24719.7000 836 464 0.5550
24737.0000 837 464 0.5544
24771.0000 838 464 0.5537
24774.0000 838 465 0.5549
24801.0000 839 465 0.5542
24831.0000 840 465 0.5536
24850.2000 840 466 0.5548
24859.0000 841 466 0.5541
24888.0000 842 466 0.5534
24894.7000 842 467 0.5546
24919.0000 843 467 0.5540
24949.0000 844 467 0.5533
24960.7000 844 468 0.5545
24979.0000 845 468 0.5538
25004.0000 846 468 0.5532
25037.0000 847 468 0.5525
25062.0000 848 468 0.5519
25082.8000 848 469 0.5531
25089.0000 849 469 0.5524
25097.5000 849 470 0.5536
25114.0000 850 470 0.5529
25118.6000 850 471 0.5541
25122.2000 850 472 0.5553
25134.0000 850 473 0.5565
25138.8000 850 474 0.5576
25147.0000 851 474 0.5570
25148.1000 851 475 0.5582
25148.4000 851 476 0.5593
25173.0000 852 476 0.5587
25199.9000 852 477 0.5599
25201.3000 852 478 0.5610
25202.0000 853 478 0.5604
25224.0000 853 479 0.5615
25234.0000 854 479 0.5609
25237.0000 854 480 0.5621
25240.6000 854 481 0.5632
25262.0000 855 481 0.5626
25262.5000 855 482 0.5637
25280.1000 855 483 0.5649
25290.7000 855 484 0.5661
25291.0000 856 484 0.5654
25318.0000 857 484 0.5648
25347.8000 857 485 0.5659
25349.0000 858 485 0.5653
25376.0000 859 485 0.5646
25402.0000 860 485 0.5640
25421.5000 860 486 0.5651
25435.0000 861 486 0.5645
25468.0000 862 486 0.5638
25497.0000 863 486 0.5632
25518.4000 863 487 0.5643
25524.0000 864 487 0.5637
25556.0000 865 487 0.5630
25566.2000 865 488 0.5642
25568.3000 865 489 0.5653
25571.5000 865 490 0.5665
25588.0000 866 490 0.5658
25616.0000 867 490 0.5652
25648.0000 867 491 0.5663
25649.0000 868 491 0.5657
25658.6000 868 492 0.5668
25677.0000 869 492 0.5662
25706.0000 870 492 0.5655
25737.0000 871 492 0.5649
25763.0000 872 492 0.5642
25791.0000 873 492 0.5636
25811.2000 873 493 0.5647
25816.0000 874 493 0.5641
25841.2000 874 494 0.5652
25847.0000 875 494 0.5646
25874.0000 876 494 0.5639
25885.5000 876 495 0.5651
25897.0000 876 496 0.5662
25899.0000 877 496 0.5656
25901.4000 877 497 0.5667
25932.0000 878 497 0.5661
25963.0000 879 497 0.5654
25967.9000 879 498 0.5666
25992.0000 880 498 0.5659
26024.0000 881 498 0.5653
26030.1000 881 499 0.5664
26032.0000 881 500 0.5675
26055.0000 882 500 0.5669
26084.0000 883 500 0.5663
26111.0000 884 500 0.5656
26118.0000 884 501 0.5667
26145.0000 885 501 0.5661
26147.2000 885 502 0.5672
26175.0000 886 502 0.5666
26190.3000 886 503 0.5677
26205.5000 886 504 0.5688
26208.0000 887 504 0.5682
26234.9000 887 505 0.5693
26237.0000 888 505 0.5687
26262.0000 889 505 0.5681
26295.0000 890 505 0.5674
26301.7000 890 506 0.5685
26312.2000 890 507 0.5697
26322.0000 891 507 0.5690
26333.4000 891 508 0.5701
26348.3000 891 509 0.5713
26349.0000 892 509 0.5706
26382.0000 893 509 0.5700
26399.7000 893 510 0.5711
26409.7000 893 511 0.5722
26411.0000 894 511 0.5716
26445.0000 895 511 0.5709
26449.3000 895 512 0.5721
26477.0000 896 512 0.5714
26502.0000 897 512 0.5708
26530.0000 898 512 0.5702
26543.1000 898 513 0.5713
26546.0000 898 514 0.5724
26551.3000 898 515 0.5735
26558.0000 899 515 0.5729
26590.0000 900 515 0.5722
26620.0000 901 515 0.5716
26621.7000 901 516 0.5727
26642.2000 901 517 0.5738
26647.0000 902 517 0.5732
26674.0000 903 517 0.5725
26684.7000 903 518 0.5736
26702.0000 904 518 0.5730
26718.2000 904 519 0.5741
26732.0000 905 519 0.5735
26756.4000 905 520 0.5746
26761.0000 906 520 0.5740
26786.0000 907 520 0.5733
26815.0000 908 520 0.5727
26844.0000 909 520 0.5721
26870.4000 909 521 0.5732
26873.0000 910 521 0.5725
26907.0000 911 521 0.5719
26933.0000 912 521 0.5713
26943.9000 912 522 0.5724
26966.0000 913 522 0.5717
26972.0000 913 523 0.5728
26984.2000 913 524 0.5739
26991.5000 913 525 0.5750
26992.4000 913 526 0.5761
26999.0000 914 526 0.5755
27010.9000 914 527 0.5766
27031.0000 915 527 0.5760
27040.1000 915 528 0.5770
27060.0000 916 528 0.5764
27065.7000 916 529 0.5775
27073.1000 916 530 0.5786
27078.3000 916 531 0.5797
27088.0000 917 531 0.5791
27117.0000 918 531 0.5784
27121.8000 918 532 0.5795
27122.7000 918 533 0.5806
27137.1000 918 534 0.5817
27147.0000 919 534 0.5811
27181.0000 920 534 0.5804
27209.0000 921 534 0.5798
27235.0000 922 534 0.5792
27265.0000 923 534 0.5785
27278.8000 923 535 0.5796
27298.0000 924 535 0.5790
27312.2000 924 536 0.5801
27331.0000 925 536 0.5795
27344.8000 925 537 0.5805
27360.0000 926 537 0.5799
27391.0000 927 537 0.5793
27409.7000 927 538 0.5804
27422.0000 928 538 0.5797
27448.0000 929 538 0.5791
27481.0000 930 538 0.5785
27482.8000 930 539 0.5796
27485.7000 930 540 0.5806
27500.1000 930 541 0.5817
27510.0000 931 541 0.5811
27515.8000 931 542 0.5822
27544.0000 932 542 0.5815
27573.0000 933 542 0.5809
27583.0000 933 543 0.5820
27601.0000 934 543 0.5814
27626.0000 935 543 0.5807
27657.0000 936 543 0.5801
27665.3000 936 544 0.5812
27670.1000 936 545 0.5823
27686.0000 937 545 0.5816
27686.1000 937 546 0.5827
27716.0000 938 546 0.5821
27741.0000 939 546 0.5815
27754.1000 939 547 0.5825
27756.7000 939 548 0.5836
27766.7000 939 549 0.5847
27768.0000 940 549 0.5840
27796.0000 941 549 0.5834
27817.0000 941 550 0.5845
27817.7000 941 551 0.5855
27827.0000 942 551 0.5849
27855.0000 943 551 0.5843
27860.9000 943 552 0.5854
27888.0000 944 552 0.5847
27895.1000 944 553 0.5858
27922.0000 945 553 0.5852
27956.0000 946 553 0.5846
27977.2000 946 554 0.5856
27990.0000 947 554 0.5850
28023.0000 948 554 0.5844
28056.0000 949 554 0.5838
28088.0000 950 554 0.5832
28114.0000 951 554 0.5825
28147.0000 952 554 0.5819
28172.0000 953 554 0.5813
28178.8000 953 555 0.5824
28179.3000 953 556 0.5834
28197.1000 953 557 0.5845
28199.0000 954 557 0.5839
28219.7000 954 558 0.5849
28231.0000 955 558 0.5843
28256.0000 956 558 0.5837
28289.0000 957 558 0.5831
28316.0000 958 558 0.5825
28330.8000 958 559 0.5835
28347.0000 959 559 0.5829
28363.8000 959 560 0.5839
28377.0000 960 560 0.5833
28409.0000 961 560 0.5827
28423.3000 961 561 0.5838
28440.3000 961 562 0.5848
28441.0000 962 562 0.5842
28445.6000 962 563 0.5852
28448.4000 962 564 0.5863
28466.0000 963 564 0.5857
28468.4000 963 565 0.5867
28492.0000 964 565 0.5861
28522.0000 965 565 0.5855
28550.0000 965 566 0.5865
28553.0000 966 566 0.5859
28555.5000 966 567 0.5870
28574.5000 966 568 0.5880
28584.0000 967 568 0.5874
28611.0000 968 568 0.5868
28621.0000 968 569 0.5878
28637.0000 969 569 0.5872
28665.0000 970 569 0.5866
28692.0000 971 569 0.5860
28705.9000 971 570 0.5870
28717.0000 972 570 0.5864
28742.0000 973 570 0.5858
28773.0000 974 570 0.5852
28776.0000 974 571 0.5862
28801.0000 975 571 0.5856
28806.4000 975 572 0.5867
28828.0000 976 572 0.5861
28850.3000 976 573 0.5871
28855.0000 977 573 0.5865
28859.9000 977 574 0.5875
28889.0000 978 574 0.5869
28889.5000 978 575 0.5879
28915.0000 979 575 0.5873
28945.0000 980 575 0.5867
28970.0000 981 575 0.5861
28974.1000 981 576 0.5872
28975.4000 981 577 0.5882
29004.0000 982 577 0.5876
29032.0000 983 577 0.5870
29057.0000 984 577 0.5864
29083.0000 985 577 0.5858
29110.0000 986 577 0.5852
29127.0000 986 578 0.5862
29140.0000 987 578 0.5856
29168.5000 987 579 0.5866
29170.0000 988 579 0.5860
29172.2000 988 580 0.5870
29174.3000 988 581 0.5881
29196.0000 989 581 0.5875
29226.0000 990 581 0.5869
29229.2000 990 582 0.5879
29255.0000 991 582 0.5873
29258.1000 991 583 0.5883
29267.1000 991 584 0.5893
29281.0000 992 584 0.5887
29296.1000 992 585 0.5897
29306.0000 993 585 0.5891
29338.0000 994 585 0.5885
29363.0000 995 585 0.5879
29390.0000 996 585 0.5873
29398.3000 996 586 0.5884
29419.5000 996 587 0.5894
29420.0000 997 587 0.5888
29424.2000 997 588 0.5898
29448.0000 997 589 0.5908
29454.0000 998 589 0.5902
29472.6000 998 590 0.5912
29473.5000 998 591 0.5922
29479.0000 999 591 0.5916
29480.9000 999 592 0.5926
29497.5000 999 593 0.5936
29505.1000 999 594 0.5946
29508.0000 1000 594 0.5940
29534.0000 1001 594 0.5934
29549.3000 1001 595 0.5944
29564.0000 1002 595 0.5938
29579.3000 1002 596 0.5948
29597.0000 1003 596 0.5942
29597.3000 1003 597 0.5952
29614.5000 1003 598 0.5962
29619.6000 1003 599 0.5972
29623.0000 1004 599 0.5966
29650.0000 1005 599 0.5960
29679.0000 1006 599 0.5954
29680.4000 1006 600 0.5964
29713.0000 1007 600 0.5958
29718.8000 1007 601 0.5968
29746.0000 1008 601 0.5962
29779.0000 1009 601 0.5956
29785.5000 1009 602 0.5966
29811.0000 1010 602 0.5960
29817.2000 1010 603 0.5970
29838.0000 1010 604 0.5980
29839.0000 1011 604 0.5974
29864.0000 1012 604 0.5968
29893.0000 1013 604 0.5962
29921.0000 1014 604 0.5957
29953.0000 1015 604 0.5951
29986.0000 1016 604 0.5945
30016.0000 1017 604 0.5939
30016.3000 1017 605 0.5949
30043.0000 1018 605 0.5943
30062.9000 1018 606 0.5953
30070.0000 1019 606 0.5947
30103.0000 1020 606 0.5941
30129.0000 1020 607 0.5951
30130.0000 1021 607 0.5945
30163.0000 1022 607 0.5939
30174.1000 1022 608 0.5949
30195.0000 1023 608 0.5943
30211.3000 1023 609 0.5953
30225.0000 1024 609 0.5947
30253.0000 1024 610 0.5957
30257.0000 1025 610 0.5951
30269.5000 1025 611 0.5961
30269.8000 1025 612 0.5971
30286.0000 1026 612 0.5965
30320.0000 1027 612 0.5959
30345.0000 1028 612 0.5953
30375.0000 1029 612 0.5948
30390.2000 1029 613 0.5957
30402.0000 1030 613 0.5951
30434.0000 1031 613 0.5946
30435.5000 1031 614 0.5955
30465.0000 1032 614 0.5950
30495.9000 1032 615 0.5959
30498.0000 1033 615 0.5954
30532.0000 1034 615 0.5948
30564.0000 1035 615 0.5942
30584.4000 1035 616 0.5952
30598.0000 1036 616 0.5946
30613.6000 1036 617 0.5956
30625.1000 1036 618 0.5965
30626.0000 1037 618 0.5959
30630.6000 1037 619 0.5969
30658.0000 1038 619 0.5963
30687.0000 1039 619 0.5958
30694.7000 1039 620 0.5967
30698.3000 1039 621 0.5977
30713.0000 1040 621 0.5971
30730.3000 1040 622 0.5981
30734.3000 1040 623 0.5990
30739.0000 1041 623 0.5985
30761.7000 1041 624 0.5994
30766.0000 1042 624 0.5988
30793.0000 1043 624 0.5983
30804.9000 1043 625 0.5992
30822.0000 1044 625 0.5987
30854.0000 1045 625 0.5981
30883.0000 1046 625 0.5975
30917.0000 1047 625 0.5969
30936.4000 1047 626 0.5979
30945.0000 1048 626 0.5973
30945.9000 1048 627 0.5983
30947.2000 1048 628 0.5992
30974.0000 1049 628 0.5987
30982.8000 1049 629 0.5996
31003.4000 1049 630 0.6006
31008.0000 1050 630 0.6000
31011.5000 1050 631 0.6010
31020.8000 1050 632 0.6019
31032.1000 1050 633 0.6029
31036.1000 1050 634 0.6038
31042.0000 1051 634 0.6032
31075.0000 1052 634 0.6027
31104.0000 1053 634 0.6021
31127.7000 1053 635 0.6030
31137.0000 1054 635 0.6025
31162.0000 1055 635 0.6019
31193.0000 1056 635 0.6013
31218.8000 1056 636 0.6023
31225.0000 1057 636 0.6017
31238.0000 1057 637 0.6026
31255.6000 1057 638 0.6036
31256.0000 1058 638 0.6030
31270.5000 1058 639 0.6040
31278.4000 1058 640 0.6049
31281.0000 1059 640 0.6043
31304.6000 1059 641 0.6053
31306.8000 1059 642 0.6062
31310.0000 1060 642 0.6057
31312.9000 1060 643 0.6066
31324.0000 1060 644 0.6075
31325.0000 1060 645 0.6085
31343.0000 1061 645 0.6079
31361.3000 1061 646 0.6089
31370.0000 1062 646 0.6083
31403.0000 1063 646 0.6077
31429.0000 1064 646 0.6071
31437.2000 1064 647 0.6081
31461.0000 1065 647 0.6075
31465.0000 1065 648 0.6085
31488.0000 1066 648 0.6079
31520.0000 1067 648 0.6073
31523.6000 1067 649 0.6082
31546.0000 1068 649 0.6077
31554.7000 1068 650 0.6086
31577.0000 1069 650 0.6080
31581.4000 1069 651 0.6090
31596.2000 1069 652 0.6099
31607.0000 1070 652 0.6093
31633.2000 1070 653 0.6103
31638.0000 1071 653 0.6097
31665.0000 1072 653 0.6091
31670.5000 1072 654 0.6101
31696.0000 1073 654 0.6095
31726.0000 1074 654 0.6089
31755.0000 1075 654 0.6084
31776.2000 1075 655 0.6093
31786.0000 1076 655 0.6087
31797.6000 1076 656 0.6097
31819.0000 1077 656 0.6091
31834.5000 1077 657 0.6100
31849.0000 1078 657 0.6095
31855.4000 1078 658 0.6104
31857.0000 1078 659 0.6113
31874.0000 1079 659 0.6108
31903.0000 1080 659 0.6102
31927.0000 1080 660 0.6111
31937.0000 1081 660 0.6105
31951.0000 1081 661 0.6115
31968.0000 1082 661 0.6109
32000.0000 1082 662 0.6118
32002.0000 1083 662 0.6113
32002.2000 1083 663 0.6122
32008.8000 1083 664 0.6131
32016.5000 1083 665 0.6140
32034.6000 1083 666 0.6150
32035.0000 1084 666 0.6144
32067.0000 1085 666 0.6138
32096.0000 1086 666 0.6133
32101.1000 1086 667 0.6142
32102.4000 1086 668 0.6151
32123.0000 1087 668 0.6145
32126.5000 1087 669 0.6155
32151.0000 1088 669 0.6149
32151.1000 1088 670 0.6158
32183.0000 1089 670 0.6152
32216.0000 1090 670 0.6147
32241.0000 1091 670 0.6141
32254.4000 1091 671 0.6150
32257.1000 1091 672 0.6159
32274.0000 1092 672 0.6154
32306.0000 1093 672 0.6148
32323.3000 1093 673 0.6157
32336.0000 1094 673 0.6152
32369.0000 1095 673 0.6146
32372.0000 1095 674 0.6155
32395.0000 1096 674 0.6150
32426.0000 1097 674 0.6144
32433.9000 1097 675 0.6153
32453.0000 1098 675 0.6148
32483.0000 1099 675 0.6142
32487.6000 1099 676 0.6151
32514.0000 1100 676 0.6145
32546.0000 1101 676 0.6140
32567.4000 1101 677 0.6149
32569.5000 1101 678 0.6158
32577.0000 1102 678 0.6152
32604.0000 1103 678 0.6147
32623.1000 1103 679 0.6156
32630.0000 1104 679 0.6150
32645.9000 1104 680 0.6159
32648.0000 1104 681 0.6168
32649.8000 1104 682 0.6178
32660.0000 1105 682 0.6172
32666.4000 1105 683 0.6181
32686.0000 1106 683 0.6175
32693.0000 1106 684 0.6184
32707.8000 1106 685 0.6193
32713.0000 1107 685 0.6188
32717.6000 1107 686 0.6197
32741.0000 1108 686 0.6191
32769.0000 1109 686 0.6186
32779.2000 1109 687 0.6195
32797.0000 1110 687 0.6189
32826.0000 1111 687 0.6184
32835.7000 1111 688 0.6193
32839.0000 1111 689 0.6202
32853.0000 1112 689 0.6196
32854.6000 1112 690 0.6205
32879.0000 1113 690 0.6199
32903.9000 1113 691 0.6208
32906.0000 1113 692 0.6217
32908.0000 1114 692 0.6212
32932.8000 1114 693 0.6221
32936.0000 1115 693 0.6215
32966.0000 1116 693 0.6210
32970.6000 1116 694 0.6219
32975.8000 1116 695 0.6228
32997.6000 1116 696 0.6237
33000.0000 1117 696 0.6231
33008.0000 1117 697 0.6240
33019.3000 1117 698 0.6249
33023.8000 1117 699 0.6258
33029.5000 1117 700 0.6267
33030.0000 1118 700 0.6261
33035.2000 1118 701 0.6270
33057.0000 1119 701 0.6265
33087.0000 1120 701 0.6259
33114.0000 1121 701 0.6253
33137.3000 1121 702 0.6262
33141.0000 1122 702 0.6257
33148.6000 1122 703 0.6266
33160.9000 1122 704 0.6275
33168.0000 1123 704 0.6269
33194.0000 1124 704 0.6263
33202.3000 1124 705 0.6272
33224.0000 1125 705 0.6267
33225.0000 1125 706 0.6276
33243.8000 1125 707 0.6284
33253.0000 1126 707 0.6279
33283.0000 1127 707 0.6273
33313.0000 1128 707 0.6268
33331.2000 1128 708 0.6277
33340.0000 1129 708 0.6271
33361.6000 1129 709 0.6280
33369.0000 1130 709 0.6274
33397.0000 1131 709 0.6269
33429.0000 1132 709 0.6263
33459.0000 1133 709 0.6258
33485.0000 1134 709 0.6252
33510.0000 1135 709 0.6247
33521.6000 1135 710 0.6256
33542.0000 1136 710 0.6250
33551.0000 1136 711 0.6259
33553.9000 1136 712 0.6268
33566.2000 1136 713 0.6276
33568.0000 1137 713 0.6271
33600.0000 1138 713 0.6265
33618.1000 1138 714 0.6274
33619.3000 1138 715 0.6283
33634.0000 1139 715 0.6277
33661.0000 1140 715 0.6272
33689.0000 1141 715 0.6266
33691.2000 1141 716 0.6275
33721.0000 1142 716 0.6270
33747.0000 1143 716 0.6264
33780.0000 1144 716 0.6259
33812.2000 1144 717 0.6267
33814.0000 1145 717 0.6262
33843.0000 1146 717 0.6257
33872.0000 1147 717 0.6251
33901.6000 1147 718 0.6260
33903.0000 1148 718 0.6254
33930.0000 1149 718 0.6249
33960.0000 1150 718 0.6243
33988.0000 1151 718 0.6238
33989.0000 1151 719 0.6247
33998.8000 1151 720 0.6255
34021.0000 1152 720 0.6250
34054.0000 1153 720 0.6245
34076.3000 1153 721 0.6253
34086.0000 1154 721 0.6248
34117.0000 1155 721 0.6242
34151.0000 1156 721 0.6237
34162.8000 1156 722 0.6246
34165.9000 1156 723 0.6254
34180.0000 1157 723 0.6249
34189.9000 1157 724 0.6258
34210.0000 1158 724 0.6252
34214.9000 1158 725 0.6261
34229.7000 1158 726 0.6269
34238.7000 1158 727 0.6278
34243.0000 1159 727 0.6273
34245.0000 1159 728 0.6281
34269.0000 1160 728 0.6276
34301.0000 1161 728 0.6270
34320.6000 1161 729 0.6279
34333.0000 1162 729 0.6274
34362.0000 1163 729 0.6268
34367.8000 1163 730 0.6277
34371.6000 1163 731 0.6285
34391.0000 1164 731 0.6280
34425.0000 1165 731 0.6275
34453.0000 1166 731 0.6269
34464.6000 1166 732 0.6278
34481.1000 1166 733 0.6286
34482.1000 1166 734 0.6295
34485.0000 1167 734 0.6290
34518.0000 1168 734 0.6284
34519.3000 1168 735 0.6293
34521.1000 1168 736 0.6301
34547.0000 1169 736 0.6296
34552.3000 1169 737 0.6305
34578.0000 1170 737 0.6299
34595.7000 1170 738 0.6308
34604.7000 1170 739 0.6316
34608.0000 1171 739 0.6311
34610.2000 1171 740 0.6319
34640.0000 1172 740 0.6314
34646.0000 1172 741 0.6323
34666.0000 1173 741 0.6317
34684.3000 1173 742 0.6326
34684.9000 1173 743 0.6334
34700.0000 1174 743 0.6329
34724.9000 1174 744 0.6337
34727.0000 1175 744 0.6332
34744.9000 1175 745 0.6340
34755.9000 1175 746 0.6349
34759.0000 1176 746 0.6344
34791.0000 1177 746 0.6338
34809.2000 1177 747 0.6347
34818.0000 1178 747 0.6341
34823.3000 1178 748 0.6350
34851.0000 1179 748 0.6344
34862.6000 1179 749 0.6353
34875.5000 1179 750 0.6361
34882.0000 1180 750 0.6356
34899.1000 1180 751 0.6364
34912.0000 1181 751 0.6359
34943.0000 1182 751 0.6354
34972.0000 1183 751 0.6348
34979.7000 1183 752 0.6357
34989.1000 1183 753 0.6365
34989.7000 1183 754 0.6374
35001.0000 1184 754 0.6368
35032.0000 1185 754 0.6363
35044.9000 1185 755 0.6371
35048.6000 1185 756 0.6380
35059.0000 1186 756 0.6374
35080.9000 1186 757 0.6383
35086.0000 1187 757 0.6377
35115.0000 1188 757 0.6372
35142.0000 1189 757 0.6367
35169.0000 1190 757 0.6361
35195.0000 1191 757 0.6356
35199.8000 1191 758 0.6364
35226.0000 1192 758 0.6359
35249.3000 1192 759 0.6367
35256.0000 1193 759 0.6362
35256.7000 1193 760 0.6370
35281.0000 1194 760 0.6365
35303.2000 1194 761 0.6374
35307.0000 1194 762 0.6382
35314.0000 1195 762 0.6377
35339.0000 1196 762 0.6371
35371.0000 1197 762 0.6366
35371.2000 1197 763 0.6374
35398.0000 1198 763 0.6369
35405.1000 1198 764 0.6377
35413.0000 1198 765 0.6386
35424.0000 1199 765 0.6380
35429.9000 1199 766 0.6389
35454.0000 1200 766 0.6383
35482.0000 1201 766 0.6378
35515.0000 1202 766 0.6373
35519.0000 1202 767 0.6381
35527.1000 1202 768 0.6389
35537.4000 1202 769 0.6398
35540.0000 1203 769 0.6392
35569.0000 1204 769 0.6387
35603.0000 1205 769 0.6382
35633.5000 1205 770 0.6390
35637.0000 1206 770 0.6385
35662.0000 1207 770 0.6379
35694.0000 1208 770 0.6374
35723.0000 1209 770 0.6369
35752.0000 1210 770 0.6364
35782.0000 1211 770 0.6358
35809.2000 1211 771 0.6367
35814.0000 1212 771 0.6361
35815.0000 1212 772 0.6370
35832.0000 1212 773 0.6378
35840.4000 1212 774 0.6386
35848.0000 1213 774 0.6381
35881.0000 1214 774 0.6376
35908.0000 1215 774 0.6370
35935.0000 1216 774 0.6365
35961.0000 1217 774 0.6360
35969.0000 1217 775 0.6368
35972.2000 1217 776 0.6376
35972.2000 1217 777 0.6385
35980.2000 1217 778 0.6393
35986.0000 1218 778 0.6388
36011.0000 1219 778 0.6382
36012.2000 1219 779 0.6390
36037.0000 1220 779 0.6385
36042.4000 1220 780 0.6393
36054.8000 1220 781 0.6402
36061.9000 1220 782 0.6410
36069.0000 1221 782 0.6405
36077.2000 1221 783 0.6413
36083.1000 1221 784 0.6421
36096.0000 1222 784 0.6416
36109.2000 1222 785 0.6424
36116.5000 1222 786 0.6432
36119.5000 1222 787 0.6440
36123.0000 1223 787 0.6435
36154.0000 1224 787 0.6430
36184.0000 1225 787 0.6424
36196.3000 1225 788 0.6433
36198.8000 1225 789 0.6441
36213.0000 1226 789 0.6436
36242.0000 1227 789 0.6430
36260.8000 1227 790 0.6438
36268.0000 1228 790 0.6433
36281.9000 1228 791 0.6441
36295.0000 1229 791 0.6436
36323.0000 1230 791 0.6431
36344.6000 1230 792 0.6439
36350.0000 1231 792 0.6434
36361.9000 1231 793 0.6442
36378.0000 1232 793 0.6437
36405.0000 1233 793 0.6431
36405.4000 1233 794 0.6440
36439.0000 1234 794 0.6434
36464.0000 1235 794 0.6429
36485.8000 1235 795 0.6437
36487.3000 1235 796 0.6445
36494.0000 1236 796 0.6440
36520.0000 1237 796 0.6435
36527.6000 1237 797 0.6443
36551.0000 1238 797 0.6438
36566.1000 1238 798 0.6446
36583.0000 1239 798 0.6441
36588.2000 1239 799 0.6449
36615.0000 1240 799 0.6444
36649.0000 1241 799 0.6438
36654.1000 1241 800 0.6446
36683.0000 1242 800 0.6441
36684.7000 1242 801 0.6449
36708.0000 1243 801 0.6444
36741.0000 1244 801 0.6439
36760.0000 1244 802 0.6447
36769.0000 1245 802 0.6442
36771.6000 1245 803 0.6450
36781.1000 1245 804 0.6458
36801.0000 1246 804 0.6453
36812.1000 1246 805 0.6461
36826.0000 1247 805 0.6455
36850.9000 1247 806 0.6464
36852.0000 1248 806 0.6458
36854.1000 1248 807 0.6466
36867.3000 1248 808 0.6474
36870.4000 1248 809 0.6482
36879.0000 1249 809 0.6477
36906.0000 1249 810 0.6485
36906.0000 1250 810 0.6480
36924.1000 1250 811 0.6488
36940.0000 1251 811 0.6483
36968.0000 1252 811 0.6478
36971.6000 1252 812 0.6486
37002.0000 1253 812 0.6480
37008.3000 1253 813 0.6488
37033.0000 1254 813 0.6483
37061.0000 1255 813 0.6478
37061.3000 1255 814 0.6486
37087.0000 1256 814 0.6481
37091.0000 1256 815 0.6489
37103.1000 1256 816 0.6497
37109.8000 1256 817 0.6505
37121.0000 1257 817 0.6500
37123.1000 1257 818 0.6508
37148.0000 1258 818 0.6502
37175.0000 1259 818 0.6497
37206.0000 1260 818 0.6492
37240.0000 1261 818 0.6487
37250.3000 1261 819 0.6495
37252.3000 1261 820 0.6503
37268.7000 1261 821 0.6511
37271.0000 1262 821 0.6506
37301.0000 1263 821 0.6500
37331.0000 1264 821 0.6495
37361.0000 1265 821 0.6490
37395.0000 1266 821 0.6485
37420.0000 1267 821 0.6480
37432.6000 1267 822 0.6488
37446.0000 1268 822 0.6483
37458.4000 1268 823 0.6491
37468.3000 1268 824 0.6498
37469.9000 1268 825 0.6506
37473.1000 1268 826 0.6514
37477.0000 1269 826 0.6509
37484.4000 1269 827 0.6517
37509.0000 1270 827 0.6512
37540.0000 1271 827 0.6507
37569.0000 1271 828 0.6515
37569.0000 1272 828 0.6509
37595.0000 1273 828 0.6504
37608.1000 1273 829 0.6512
37622.0000 1274 829 0.6507
37653.0000 1275 829 0.6502
37681.0000 1276 829 0.6497
37709.0000 1277 829 0.6492
37729.8000 1277 830 0.6500
37738.0000 1278 830 0.6495
37769.0000 1279 830 0.6489
37771.5000 1279 831 0.6497
37781.3000 1279 832 0.6505
37798.0000 1280 832 0.6500
37799.1000 1280 833 0.6508
37826.0000 1281 833 0.6503
37856.0000 1282 833 0.6498
37883.0000 1283 833 0.6493
37908.0000 1284 833 0.6488
37916.6000 1284 834 0.6495
37934.0000 1285 834 0.6490
37940.9000 1285 835 0.6498
37951.7000 1285 836 0.6506
37963.0000 1286 836 0.6501
37972.3000 1286 837 0.6509
37981.6000 1286 838 0.6516
37990.1000 1286 839 0.6524
37991.0000 1287 839 0.6519
38024.0000 1288 839 0.6514
38028.1000 1288 840 0.6522
38054.0000 1289 840 0.6517
38087.0000 1290 840 0.6512
38113.0000 1291 840 0.6507
38142.0000 1292 840 0.6502
38143.4000 1292 841 0.6509
38150.9000 1292 842 0.6517
38172.0000 1293 842 0.6512
38179.5000 1293 843 0.6520
38192.6000 1293 844 0.6527
38200.0000 1294 844 0.6522
38219.5000 1294 845 0.6530
38228.0000 1295 845 0.6525
38244.0000 1295 846 0.6533
38255.0000 1296 846 0.6528
38270.3000 1296 847 0.6535
38276.7000 1296 848 0.6543
38285.0000 1297 848 0.6538
38315.0000 1298 848 0.6533
38340.0000 1299 848 0.6528
38370.0000 1300 848 0.6523
38399.0000 1301 848 0.6518
38425.0000 1302 848 0.6513
38459.0000 1303 848 0.6508
38469.9000 1303 849 0.6516
38492.0000 1304 849 0.6511
38506.1000 1304 850 0.6518
38508.5000 1304 851 0.6526
38522.0000 1305 851 0.6521
38534.5000 1305 852 0.6529
38549.0000 1306 852 0.6524
38578.0000 1307 852 0.6519
38608.0000 1308 852 0.6514
38614.0000 1308 853 0.6521
38619.4000 1308 854 0.6529
38637.0000 1309 854 0.6524
38669.0000 1310 854 0.6519
38688.5000 1310 855 0.6527
38703.0000 1311 855 0.6522
38732.0000 1312 855 0.6517
38741.4000 1312 856 0.6524
38760.0000 1313 856 0.6519
38760.1000 1313 857 0.6527
38791.0000 1314 857 0.6522
38822.0000 1315 857 0.6517
38841.2000 1315 858 0.6525
38847.0000 1316 858 0.6520
38880.0000 1317 858 0.6515
38898.3000 1317 859 0.6522
38901.9000 1317 860 0.6530
38912.0000 1318 860 0.6525
38916.2000 1318 861 0.6533
38936.5000 1318 862 0.6540
38943.0000 1319 862 0.6535
38969.0000 1320 862 0.6530
38979.8000 1320 863 0.6538
39000.0000 1321 863 0.6533
39026.0000 1322 863 0.6528
39059.0000 1323 863 0.6523
39090.0000 1324 863 0.6518
39122.0000 1325 863 0.6513
39154.0000 1326 863 0.6508
39161.4000 1326 864 0.6516
39184.0000 1327 864 0.6511
39206.0000 1327 865 0.6518
39209.0000 1327 866 0.6526
39218.0000 1328 866 0.6521
39245.0000 1329 866 0.6516
39273.0000 1330 866 0.6511
39277.8000 1330 867 0.6519
39288.6000 1330 868 0.6526
39307.0000 1331 868 0.6521
39334.0000 1332 868 0.6517
39363.0000 1333 868 0.6512
39393.0000 1334 868 0.6507
39402.2000 1334 869 0.6514
39404.3000 1334 870 0.6522
39421.0000 1335 870 0.6517
39423.1000 1335 871 0.6524
39427.7000 1335 872 0.6532
39442.1000 1335 873 0.6539
39455.0000 1336 873 0.6534
39477.5000 1336 874 0.6542
39480.0000 1337 874 0.6537
39507.0000 1338 874 0.6532
39518.2000 1338 875 0.6540
39541.0000 1339 875 0.6535
39549.2000 1339 876 0.6542
39574.0000 1340 876 0.6537
39601.0000 1341 876 0.6532
39606.1000 1341 877 0.6540
39635.0000 1342 877 0.6535
39637.6000 1342 878 0.6542
39644.9000 1342 879 0.6550
39665.0000 1343 879 0.6545
39670.9000 1343 880 0.6552
39691.0000 1344 880 0.6548
39717.0000 1345 880 0.6543
39735.1000 1345 881 0.6550
39748.0000 1346 881 0.6545
39754.8000 1346 882 0.6553
39774.4000 1346 883 0.6560
39777.0000 1347 883 0.6555
39804.0000 1348 883 0.6550
39825.2000 1348 884 0.6558
39835.7000 1348 885 0.6565
39838.0000 1349 885 0.6560
39863.2000 1349 886 0.6568
39870.0000 1350 886 0.6563
39892.6000 1350 887 0.6570
39898.0000 1351 887 0.6566
39930.0000 1352 887 0.6561
39930.7000 1352 888 0.6568
39945.3000 1352 889 0.6575
39955.0000 1353 889 0.6571
39959.3000 1353 890 0.6578
39965.9000 1353 891 0.6585
39988.0000 1354 891 0.6581
40009.6000 1354 892 0.6588
40011.9000 1354 893 0.6595
40015.0000 1355 893 0.6590
40049.0000 1356 893 0.6586
40078.0000 1357 893 0.6581
40107.0000 1358 893 0.6576
40114.9000 1358 894 0.6583
40136.0000 1359 894 0.6578
40169.0000 1360 894 0.6574
40184.2000 1360 895 0.6581
40194.0000 1361 895 0.6576
40203.1000 1361 896 0.6583
40221.0000 1362 896 0.6579
40244.9000 1362 897 0.6586
40249.0000 1363 897 0.6581
40260.3000 1363 898 0.6588
40282.0000 1364 898 0.6584
40307.0000 1365 898 0.6579
40327.2000 1365 899 0.6586
40329.2000 1365 900 0.6593
40340.0000 1366 900 0.6589
40366.0000 1367 900 0.6584
40377.5000 1367 901 0.6591
40395.0000 1368 901 0.6586
40403.2000 1368 902 0.6594
40422.0000 1369 902 0.6589
40447.0000 1370 902 0.6584
40456.1000 1370 903 0.6591
40457.0000 1370 904 0.6599
40480.0000 1371 904 0.6594
40510.0000 1372 904 0.6589
40537.0000 1373 904 0.6584
40544.4000 1373 905 0.6591
40569.0000 1374 905 0.6587
40574.6000 1374 906 0.6594
40599.0000 1375 906 0.6589
40610.9000 1375 907 0.6596
40631.0000 1376 907 0.6592
40654.8000 1376 908 0.6599
40658.0000 1377 908 0.6594
40685.0000 1378 908 0.6589
40692.6000 1378 909 0.6597
40709.6000 1378 910 0.6604
40717.0000 1379 910 0.6599
40739.2000 1379 911 0.6606
40742.8000 1379 912 0.6613
40743.0000 1380 912 0.6609
40771.0000 1381 912 0.6604
40774.5000 1381 913 0.6611
40791.5000 1381 914 0.6618
40793.8000 1381 915 0.6626
40799.0000 1382 915 0.6621
40801.3000 1382 916 0.6628
40829.0000 1383 916 0.6623
40851.4000 1383 917 0.6631
40863.0000 1384 917 0.6626
40897.0000 1385 917 0.6621
40921.0000 1385 918 0.6628
40924.0000 1386 918 0.6623
40932.8000 1386 919 0.6631
40950.7000 1386 920 0.6638
40952.0000 1387 920 0.6633
40953.1000 1387 921 0.6640
40964.4000 1387 922 0.6647
40981.0000 1388 922 0.6643
40997.6000 1388 923 0.6650
41006.0000 1389 923 0.6645
41039.0000 1390 923 0.6640
41060.3000 1390 924 0.6647
41065.0000 1391 924 0.6643
41096.0000 1392 924 0.6638
41124.6000 1392 925 0.6645
41125.0000 1393 925 0.6640
41125.9000 1393 926 0.6648
41154.0000 1394 926 0.6643
41170.0000 1394 927 0.6650
41184.0000 1395 927 0.6645
41185.7000 1395 928 0.6652
41192.9000 1395 929 0.6659
41211.0000 1396 929 0.6655
41245.0000 1397 929 0.6650
41271.0000 1398 929 0.6645
41271.9000 1398 930 0.6652
41299.2000 1398 931 0.6660
41300.0000 1399 931 0.6655
41302.2000 1399 932 0.6662
41329.0000 1400 932 0.6657
41361.0000 1401 932 0.6652
41387.0000 1402 932 0.6648
41417.0000 1403 932 0.6643
41448.0000 1404 932 0.6638
41474.0000 1405 932 0.6633
41499.5000 1405 933 0.6641
41505.0000 1406 933 0.6636
41531.5000 1406 934 0.6643
41533.0000 1407 934 0.6638
41561.2000 1407 935 0.6645
41563.0000 1408 935 0.6641
41582.0000 1408 936 0.6648
41592.0000 1409 936 0.6643
41626.0000 1410 936 0.6638
41637.9000 1410 937 0.6645
41639.2000 1410 938 0.6652
41653.0000 1411 938 0.6648
41678.0000 1412 938 0.6643
41704.0000 1413 938 0.6638
41736.0000 1414 938 0.6634
41768.0000 1415 938 0.6629
41801.0000 1416 938 0.6624
41824.4000 1416 939 0.6631
41826.8000 1416 940 0.6638
41828.0000 1417 940 0.6634
41830.1000 1417 941 0.6641
41857.0000 1418 941 0.6636
41859.8000 1418 942 0.6643
41888.0000 1419 942 0.6638
41905.3000 1419 943 0.6646
41912.5000 1419 944 0.6653
41922.0000 1420 944 0.6648
41928.2000 1420 945 0.6655
41944.5000 1420 946 0.6662
41956.0000 1421 946 0.6657
41970.5000 1421 947 0.6664
41973.9000 1421 948 0.6671
41987.0000 1422 948 0.6667
42003.6000 1422 949 0.6674
42021.0000 1423 949 0.6669
42044.9000 1423 950 0.6676
42047.3000 1423 951 0.6683
42050.4000 1423 952 0.6690
42051.0000 1424 952 0.6685
42055.8000 1424 953 0.6692
42069.6000 1424 954 0.6699
42073.3000 1424 955 0.6706
42077.0000 1425 955 0.6702
42095.4000 1425 956 0.6709
42104.0000 1426 956 0.6704
42130.0000 1427 956 0.6699
42135.4000 1427 957 0.6706
42140.4000 1427 958 0.6713
42145.0000 1427 959 0.6720
42148.9000 1427 960 0.6727
42155.0000 1428 960 0.6723
42156.3000 1428 961 0.6730
42168.9000 1428 962 0.6737
42185.0000 1429 962 0.6732
42191.5000 1429 963 0.6739
42211.0000 1430 963 0.6734
42241.0000 1431 963 0.6730
42272.0000 1432 963 0.6725
42303.0000 1433 963 0.6720
42329.0000 1434 963 0.6715
42333.9000 1434 964 0.6722
42339.4000 1434 965 0.6729
42357.5000 1434 966 0.6736
42360.0000 1435 966 0.6732
42381.9000 1435 967 0.6739
42393.0000 1436 967 0.6734
42396.2000 1436 968 0.6741
42418.0000 1437 968 0.6736
42418.8000 1437 969 0.6743
42451.0000 1438 969 0.6739
42466.1000 1438 970 0.6745
42476.0000 1439 970 0.6741
42502.0000 1440 970 0.6736
42509.4000 1440 971 0.6743
42524.0000 1440 972 0.6750
42531.0000 1441 972 0.6745
42545.9000 1441 973 0.6752
42562.0000 1442 973 0.6748
42563.2000 1442 974 0.6755
42593.0000 1443 974 0.6750
42623.9000 1443 975 0.6757
42624.0000 1444 975 0.6752
42642.4000 1444 976 0.6759
42655.0000 1445 976 0.6754
42680.0000 1446 976 0.6750
42711.0000 1447 976 0.6745
42730.5000 1447 977 0.6752
42733.4000 1447 978 0.6759
42738.0000 1448 978 0.6754
42766.0000 1449 978 0.6749
42782.2000 1449 979 0.6756
42792.0000 1450 979 0.6752
42826.0000 1451 979 0.6747
42853.3000 1451 980 0.6754
42859.0000 1452 980 0.6749
42884.0000 1453 980 0.6745
42899.7000 1453 981 0.6752
42905.7000 1453 982 0.6758
42912.0000 1454 982 0.6754
42946.0000 1455 982 0.6749
42971.0000 1456 982 0.6745
42998.0000 1456 983 0.6751
43002.0000 1457 983 0.6747
43002.2000 1457 984 0.6754
43031.0000 1458 984 0.6749
43063.0000 1459 984 0.6744
43068.6000 1459 985 0.6751
43069.4000 1459 986 0.6758
43097.0000 1460 986 0.6753
43097.7000 1460 987 0.6760
43102.1000 1460 988 0.6767
43125.0000 1461 988 0.6762
43155.0000 1462 988 0.6758
43156.2000 1462 989 0.6765
43181.0000 1463 989 0.6760
43182.1000 1463 990 0.6767
43190.1000 1463 991 0.6774
