0.0 379
1.0 822
2.0 1352
3.0 1727
4.0 2335
5.0 3028
6.0 4461
7.0 6514
8.0 3989
9.0 2539
10.0 1973
11.0 1786
12.0 1670
13.0 1859
14.0 1478
15.0 1114
16.0 823
17.0 435
18.0 341
19.0 296
20.0 267
21.0 216
22.0 204
23.0 175
24.0 156
25.0 162
26.0 130
27.0 126
28.0 104
29.0 83
30.0 89
31.0 75
32.0 72
33.0 70
34.0 68
35.0 53
36.0 55
37.0 49
38.0 48
39.0 44
40.0 34
41.0 46
42.0 30
43.0 30
44.0 26
45.0 27
46.0 45
47.0 23
48.0 24
49.0 22
50.0 30
51.0 18
52.0 17
53.0 23
54.0 19
55.0 20
56.0 13
57.0 16
58.0 9
59.0 10
60.0 9
61.0 15
62.0 11
63.0 7
64.0 8
65.0 8
66.0 12
67.0 16
68.0 3
69.0 7
70.0 5
71.0 8
72.0 4
73.0 4
74.0 7
75.0 8
76.0 9
77.0 6
78.0 6
79.0 5
80.0 0
81.0 4
82.0 4
83.0 4
84.0 7
85.0 3
86.0 2
87.0 5
88.0 1
89.0 3
90.0 5
91.0 4
92.0 2
93.0 2
94.0 3
95.0 3
96.0 5
97.0 4
98.0 1
99.0 5
100.0 7
101.0 3
102.0 4
103.0 2
104.0 4
105.0 0
106.0 3
107.0 4
108.0 2
109.0 2
110.0 1
111.0 3
112.0 0
113.0 0
114.0 0
115.0 6
116.0 0
117.0 3
118.0 0
119.0 1
120.0 1
121.0 1
122.0 0
123.0 2
124.0 0
125.0 1
126.0 0
127.0 0
128.0 0
129.0 3
130.0 0
131.0 1
132.0 0
133.0 0
134.0 0
135.0 1
136.0 1
137.0 0
138.0 1
139.0 0
140.0 2
141.0 1
142.0 0
143.0 0
144.0 0
145.0 2
146.0 0
147.0 0
148.0 1
149.0 1
150.0 0
151.0 0
152.0 0
153.0 0
154.0 0
155.0 1
156.0 0
157.0 0
158.0 1
159.0 0
160.0 0
161.0 1
162.0 0
163.0 0
164.0 1
165.0 0
166.0 0
167.0 0
168.0 0
169.0 0
170.0 0
171.0 0
172.0 0
173.0 1
174.0 0
175.0 1
176.0 0
177.0 0
178.0 0
179.0 0
180.0 1
181.0 0
182.0 0
183.0 0
184.0 1
185.0 0
186.0 0
187.0 0
188.0 0
189.0 1
190.0 1
191.0 0
192.0 0
193.0 0
194.0 0
195.0 0
196.0 1
197.0 0
198.0 0
199.0 0
200.0 0
201.0 0
202.0 0
203.0 0
204.0 0
205.0 0
206.0 0
207.0 0
208.0 0
209.0 1
210.0 0
211.0 0
212.0 0
213.0 0
214.0 0
215.0 0
216.0 0
217.0 0
218.0 0
219.0 0
220.0 0
221.0 0
222.0 0
223.0 0
224.0 0
225.0 0
226.0 1
227.0 0
228.0 1
229.0 0
230.0 1
231.0 0
232.0 0
233.0 1
234.0 0
235.0 0
236.0 0
237.0 0
238.0 0
239.0 0
240.0 0
241.0 0
242.0 0
243.0 0
244.0 0
245.0 0
246.0 0
247.0 0
248.0 0
249.0 0
250.0 0
251.0 0
252.0 0
253.0 1
254.0 0
255.0 0
256.0 0
257.0 0
258.0 0
259.0 0
260.0 0
261.0 0
262.0 0
263.0 0
264.0 0
265.0 1
266.0 0
267.0 0
268.0 0
269.0 0
270.0 0
271.0 0
272.0 0
273.0 0
274.0 0
275.0 0
276.0 0
277.0 0
278.0 0
279.0 0
280.0 0
281.0 0
282.0 0
283.0 0
284.0 0
285.0 0
286.0 0
287.0 0
288.0 0
289.0 0
290.0 0
291.0 0
292.0 1
293.0 0
294.0 0
295.0 0
296.0 0
297.0 0
298.0 0
299.0 0
300.0 0
301.0 0
302.0 0
303.0 0
304.0 0
305.0 0
306.0 0
307.0 0
308.0 0
309.0 0
310.0 0
311.0 0
312.0 0
313.0 0
314.0 0
315.0 0
316.0 1
317.0 0
318.0 0
319.0 0
320.0 0
321.0 0
322.0 0
323.0 0
324.0 0
325.0 0
326.0 0
327.0 0
328.0 0
329.0 0
330.0 0
331.0 0
332.0 0
333.0 0
334.0 0
335.0 0
336.0 0
337.0 0
338.0 0
339.0 0
340.0 0
341.0 0
342.0 0
343.0 0
344.0 0
345.0 0
346.0 1
347.0 0
