# time  created  delivered  delivered/created
33.0000 1 0 0.0000
62.0000 2 0 0.0000
93.0000 3 0 0.0000
119.0000 4 0 0.0000
147.0000 5 0 0.0000
173.0000 6 0 0.0000
200.0000 7 0 0.0000
226.0000 8 0 0.0000
251.0000 9 0 0.0000
281.0000 10 0 0.0000
309.0000 11 0 0.0000
337.0000 12 0 0.0000
364.0000 13 0 0.0000
394.0000 14 0 0.0000
420.0000 15 0 0.0000
446.0000 16 0 0.0000
474.0000 17 0 0.0000
499.0000 18 0 0.0000
527.0000 19 0 0.0000
541.7000 19 1 0.0526
557.0000 20 1 0.0500
583.0000 21 1 0.0476
611.0000 22 1 0.0455
640.0000 23 1 0.0435
673.0000 24 1 0.0417
704.0000 25 1 0.0400
729.0000 26 1 0.0385
756.0000 27 1 0.0370
782.0000 28 1 0.0357
809.0000 29 1 0.0345
837.0000 30 1 0.0333
864.0000 31 1 0.0323
892.0000 32 1 0.0313
917.0000 33 1 0.0303
943.0000 34 1 0.0294
969.0000 35 1 0.0286
999.0000 36 1 0.0278
1024.0000 37 1 0.0270
1055.0000 38 1 0.0263
1080.0000 39 1 0.0256
1105.0000 40 1 0.0250
1133.0000 41 1 0.0244
1161.0000 42 1 0.0238
1195.0000 43 1 0.0233
1222.0000 44 1 0.0227
1249.0000 45 1 0.0222
1279.3000 45 2 0.0444
1283.0000 46 2 0.0435
1316.0000 47 2 0.0426
1350.0000 48 2 0.0417
1377.0000 49 2 0.0408
1410.0000 50 2 0.0400
1440.0000 51 2 0.0392
1474.0000 52 2 0.0385
1501.0000 53 2 0.0377
1534.0000 54 2 0.0370
1552.7000 54 3 0.0556
1560.0000 55 3 0.0545
1591.0000 56 3 0.0536
1591.6000 56 4 0.0714
1620.0000 57 4 0.0702
1630.9000 57 5 0.0877
1646.0000 58 5 0.0862
1674.7000 58 6 0.1034
1678.0000 59 6 0.1017
1691.6000 59 7 0.1186
1712.0000 60 7 0.1167
1738.0000 61 7 0.1148
1769.0000 62 7 0.1129
1800.0000 63 7 0.1111
1826.0000 64 7 0.1094
1852.0000 65 7 0.1077
1883.0000 66 7 0.1061
1908.0000 67 7 0.1045
1939.0000 68 7 0.1029
1966.0000 69 7 0.1014
1997.0000 70 7 0.1000
2027.0000 71 7 0.0986
2059.0000 72 7 0.0972
2088.0000 73 7 0.0959
2118.0000 74 7 0.0946
2146.0000 75 7 0.0933
2148.4000 75 8 0.1067
2171.0000 76 8 0.1053
2196.4000 76 9 0.1184
2204.0000 77 9 0.1169
2230.0000 78 9 0.1154
2251.6000 78 10 0.1282
2257.0000 79 10 0.1266
2287.0000 80 10 0.1250
2316.0000 81 10 0.1235
2346.0000 82 10 0.1220
2366.0000 82 11 0.1341
2371.0000 83 11 0.1325
2405.0000 84 11 0.1310
2431.0000 85 11 0.1294
2459.0000 86 11 0.1279
2490.0000 87 11 0.1264
2522.0000 88 11 0.1250
2543.3000 88 12 0.1364
2553.0000 89 12 0.1348
2560.7000 89 13 0.1461
2582.0000 90 13 0.1444
2609.0000 91 13 0.1429
2636.0000 92 13 0.1413
2666.0000 93 13 0.1398
2693.0000 94 13 0.1383
2702.6000 94 14 0.1489
2708.9000 94 15 0.1596
2721.0000 95 15 0.1579
2755.0000 96 15 0.1563
2784.0000 97 15 0.1546
2815.0000 98 15 0.1531
2849.0000 99 15 0.1515
2880.0000 100 15 0.1500
2910.0000 101 15 0.1485
2941.0000 102 15 0.1471
2969.0000 103 15 0.1456
3003.0000 104 15 0.1442
3014.7000 104 16 0.1538
3032.0000 105 16 0.1524
3035.0000 105 17 0.1619
3064.0000 106 17 0.1604
3093.0000 107 17 0.1589
3122.0000 108 17 0.1574
3156.0000 109 17 0.1560
3183.0000 110 17 0.1545
3206.2000 110 18 0.1636
3210.0000 111 18 0.1622
3240.0000 112 18 0.1607
3263.1000 112 19 0.1696
3269.0000 113 19 0.1681
3290.2000 113 20 0.1770
3298.0000 114 20 0.1754
3303.0000 114 21 0.1842
3325.0000 115 21 0.1826
3350.0000 116 21 0.1810
3360.7000 116 22 0.1897
3384.0000 117 22 0.1880
3413.8000 117 23 0.1966
3417.0000 118 23 0.1949
3442.0000 119 23 0.1933
3448.1000 119 24 0.2017
3469.0000 120 24 0.2000
3497.0000 121 24 0.1983
3522.0000 122 24 0.1967
3552.0000 123 24 0.1951
3581.0000 124 24 0.1935
3607.0000 125 24 0.1920
3636.0000 126 24 0.1905
3654.7000 126 25 0.1984
3670.0000 127 25 0.1969
3696.0000 128 25 0.1953
3712.1000 128 26 0.2031
3717.2000 128 27 0.2109
3724.0000 129 27 0.2093
3758.0000 130 27 0.2077
3790.0000 131 27 0.2061
3804.4000 131 28 0.2137
3815.0000 132 28 0.2121
3832.8000 132 29 0.2197
3843.0000 133 29 0.2180
3875.0000 134 29 0.2164
3903.0000 135 29 0.2148
3914.4000 135 30 0.2222
3922.5000 135 31 0.2296
3923.2000 135 32 0.2370
3935.0000 136 32 0.2353
3960.0000 137 32 0.2336
3992.0000 138 32 0.2319
3998.6000 138 33 0.2391
4026.0000 139 33 0.2374
4045.9000 139 34 0.2446
4054.0000 140 34 0.2429
4088.0000 141 34 0.2411
4118.0000 141 35 0.2482
4120.0000 142 35 0.2465
4147.0000 143 35 0.2448
4165.4000 143 36 0.2517
4168.0000 143 37 0.2587
4178.0000 144 37 0.2569
4206.0000 145 37 0.2552
4235.0000 146 37 0.2534
4250.8000 146 38 0.2603
4263.0000 147 38 0.2585
4291.0000 148 38 0.2568
4323.0000 149 38 0.2550
4353.0000 150 38 0.2533
4380.0000 151 38 0.2517
4409.0000 152 38 0.2500
4441.0000 153 38 0.2484
4472.0000 154 38 0.2468
4492.5000 154 39 0.2532
4502.0000 155 39 0.2516
4529.0000 156 39 0.2500
4559.0000 157 39 0.2484
4559.4000 157 40 0.2548
4593.0000 158 40 0.2532
4619.0000 159 40 0.2516
4647.0000 160 40 0.2500
4655.1000 160 41 0.2563
4673.0000 161 41 0.2547
4690.9000 161 42 0.2609
4700.0000 162 42 0.2593
4725.1000 162 43 0.2654
4731.0000 163 43 0.2638
4736.3000 163 44 0.2699
4752.4000 163 45 0.2761
4761.0000 164 45 0.2744
4791.0000 165 45 0.2727
4820.8000 165 46 0.2788
4824.0000 166 46 0.2771
4829.5000 166 47 0.2831
4854.0000 167 47 0.2814
4883.0000 168 47 0.2798
4908.0000 169 47 0.2781
4939.0000 170 47 0.2765
4967.0000 171 47 0.2749
4992.0000 172 47 0.2733
5020.0000 173 47 0.2717
5046.0000 174 47 0.2701
5072.0000 175 47 0.2686
5105.0000 176 47 0.2670
5134.0000 177 47 0.2655
5163.0000 178 47 0.2640
5192.0000 179 47 0.2626
5222.0000 180 47 0.2611
5254.0000 181 47 0.2597
5286.0000 182 47 0.2582
5312.0000 183 47 0.2568
5345.0000 184 47 0.2554
5373.0000 185 47 0.2541
5373.5000 185 48 0.2595
5407.0000 186 48 0.2581
5438.0000 187 48 0.2567
5465.0000 188 48 0.2553
5495.0000 189 48 0.2540
5524.0000 190 48 0.2526
5558.0000 191 48 0.2513
5587.0000 192 48 0.2500
5600.8000 192 49 0.2552
5612.0000 193 49 0.2539
5644.0000 194 49 0.2526
5669.0000 195 49 0.2513
5700.0000 196 49 0.2500
5719.8000 196 50 0.2551
5732.0000 197 50 0.2538
5763.0000 198 50 0.2525
5776.6000 198 51 0.2576
5792.0000 199 51 0.2563
5819.0000 200 51 0.2550
5848.0000 201 51 0.2537
5873.0000 202 51 0.2525
5878.8000 202 52 0.2574
5879.9000 202 53 0.2624
5895.4000 202 54 0.2673
5904.0000 203 54 0.2660
5922.3000 203 55 0.2709
5931.0000 204 55 0.2696
5957.0000 205 55 0.2683
5990.0000 206 55 0.2670
6020.0000 207 55 0.2657
6053.0000 208 55 0.2644
6080.0000 209 55 0.2632
6110.0000 210 55 0.2619
6126.1000 210 56 0.2667
6138.0000 211 56 0.2654
6166.0000 212 56 0.2642
6176.3000 212 57 0.2689
6183.3000 212 58 0.2736
6197.0000 213 58 0.2723
6227.6000 213 59 0.2770
6230.0000 214 59 0.2757
6255.1000 214 60 0.2804
6261.0000 215 60 0.2791
6264.9000 215 61 0.2837
6266.9000 215 62 0.2884
6280.1000 215 63 0.2930
6290.0000 216 63 0.2917
6320.0000 217 63 0.2903
6337.8000 217 64 0.2949
6342.6000 217 65 0.2995
6349.0000 218 65 0.2982
6380.0000 219 65 0.2968
6406.0000 220 65 0.2955
6429.1000 220 66 0.3000
6431.0000 221 66 0.2986
6444.7000 221 67 0.3032
6453.8000 221 68 0.3077
6456.0000 222 68 0.3063
6487.0000 223 68 0.3049
6504.5000 223 69 0.3094
6521.0000 224 69 0.3080
6533.7000 224 70 0.3125
6553.0000 225 70 0.3111
6570.6000 225 71 0.3156
6579.0000 226 71 0.3142
6610.0000 227 71 0.3128
6637.0000 228 71 0.3114
6660.4000 228 72 0.3158
6661.7000 228 73 0.3202
6667.0000 229 73 0.3188
6696.0000 229 74 0.3231
6699.0000 230 74 0.3217
6730.0000 231 74 0.3203
6757.0000 232 74 0.3190
6757.4000 232 75 0.3233
6783.0000 233 75 0.3219
6814.0000 234 75 0.3205
6843.0000 235 75 0.3191
6876.0000 236 75 0.3178
6879.8000 236 76 0.3220
6886.6000 236 77 0.3263
6901.0000 237 77 0.3249
6903.9000 237 78 0.3291
6929.0000 238 78 0.3277
6930.0000 238 79 0.3319
6957.0000 239 79 0.3305
6987.0000 240 79 0.3292
6997.7000 240 80 0.3333
7015.0000 241 80 0.3320
7040.0000 242 80 0.3306
7070.0000 243 80 0.3292
7075.8000 243 81 0.3333
7101.0000 244 81 0.3320
7112.5000 244 82 0.3361
7112.6000 244 83 0.3402
7118.9000 244 84 0.3443
7129.0000 245 84 0.3429
7138.9000 245 85 0.3469
7154.0000 246 85 0.3455
7179.3000 246 86 0.3496
7186.0000 247 86 0.3482
7218.0000 248 86 0.3468
7251.0000 249 86 0.3454
7274.2000 249 87 0.3494
7282.0000 250 87 0.3480
7306.2000 250 88 0.3520
7312.7000 250 89 0.3560
7316.0000 251 89 0.3546
7350.0000 252 89 0.3532
7379.0000 253 89 0.3518
7404.0000 254 89 0.3504
7437.0000 255 89 0.3490
7467.0000 256 89 0.3477
7494.0000 257 89 0.3463
7525.0000 258 89 0.3450
7556.0000 259 89 0.3436
7581.0000 260 89 0.3423
7592.5000 260 90 0.3462
7594.0000 260 91 0.3500
7613.0000 261 91 0.3487
7643.0000 262 91 0.3473
7647.4000 262 92 0.3511
7665.2000 262 93 0.3550
7675.0000 263 93 0.3536
7702.0000 264 93 0.3523
7722.0000 264 94 0.3561
7733.0000 265 94 0.3547
7758.0000 266 94 0.3534
7767.0000 266 95 0.3571
7783.0000 267 95 0.3558
7810.1000 267 96 0.3596
7815.0000 268 96 0.3582
7847.0000 269 96 0.3569
7876.0000 270 96 0.3556
7904.0000 271 96 0.3542
7935.0000 272 96 0.3529
7969.0000 273 96 0.3516
7981.0000 273 97 0.3553
8002.0000 274 97 0.3540
8031.0000 275 97 0.3527
8057.0000 276 97 0.3514
8082.4000 276 98 0.3551
8087.0000 277 98 0.3538
8113.6000 277 99 0.3574
8118.2000 277 100 0.3610
8120.0000 278 100 0.3597
8152.0000 279 100 0.3584
8158.2000 279 101 0.3620
8160.5000 279 102 0.3656
8181.0000 280 102 0.3643
8208.0000 281 102 0.3630
8240.0000 282 102 0.3617
8265.0000 283 102 0.3604
8275.8000 283 103 0.3640
8292.0000 284 103 0.3627
8316.1000 284 104 0.3662
8325.0000 285 104 0.3649
8351.5000 285 105 0.3684
8359.0000 286 105 0.3671
8388.0000 287 105 0.3659
8413.0000 288 105 0.3646
8434.5000 288 106 0.3681
8443.0000 289 106 0.3668
8473.0000 290 106 0.3655
8491.4000 290 107 0.3690
8502.0000 291 107 0.3677
8534.0000 292 107 0.3664
8562.0000 293 107 0.3652
8566.5000 293 108 0.3686
8589.0000 294 108 0.3673
8597.9000 294 109 0.3707
8615.0000 295 109 0.3695
8641.0000 296 109 0.3682
8649.4000 296 110 0.3716
8673.0000 297 110 0.3704
8705.0000 298 110 0.3691
8732.0000 299 110 0.3679
8734.9000 299 111 0.3712
8765.0000 300 111 0.3700
8791.0000 301 111 0.3688
8819.0000 302 111 0.3675
8830.0000 302 112 0.3709
8851.0000 303 112 0.3696
8863.9000 303 113 0.3729
8869.9000 303 114 0.3762
8880.0000 304 114 0.3750
8910.0000 305 114 0.3738
8927.2000 305 115 0.3770
8944.0000 306 115 0.3758
8946.3000 306 116 0.3791
8974.0000 307 116 0.3779
9006.0000 308 116 0.3766
9022.9000 308 117 0.3799
9038.0000 309 117 0.3786
9042.3000 309 118 0.3819
9067.0000 310 118 0.3806
9101.0000 311 118 0.3794
9131.0000 312 118 0.3782
9163.2000 312 119 0.3814
9164.0000 313 119 0.3802
9191.0000 314 119 0.3790
9223.0000 315 119 0.3778
9227.0000 315 120 0.3810
9252.0000 316 120 0.3797
9282.0000 317 120 0.3785
9300.1000 317 121 0.3817
9313.0000 318 121 0.3805
9340.0000 319 121 0.3793
9365.0000 320 121 0.3781
9373.1000 320 122 0.3813
9386.3000 320 123 0.3844
9390.0000 321 123 0.3832
9419.0000 322 123 0.3820
9437.4000 322 124 0.3851
9448.0000 323 124 0.3839
9474.0000 324 124 0.3827
9508.0000 325 124 0.3815
9534.0000 326 124 0.3804
9547.8000 326 125 0.3834
9552.0000 326 126 0.3865
9557.3000 326 127 0.3896
9566.0000 327 127 0.3884
9592.0000 328 127 0.3872
9600.9000 328 128 0.3902
9617.0000 329 128 0.3891
9638.4000 329 129 0.3921
9644.0000 330 129 0.3909
9672.0000 331 129 0.3897
9699.0000 332 129 0.3886
9702.6000 332 130 0.3916
9726.0000 333 130 0.3904
9747.2000 333 131 0.3934
9751.0000 334 131 0.3922
9779.0000 335 131 0.3910
9806.0000 336 131 0.3899
9839.0000 337 131 0.3887
9843.6000 337 132 0.3917
9867.0000 338 132 0.3905
9899.0000 339 132 0.3894
9904.2000 339 133 0.3923
9933.0000 340 133 0.3912
9958.2000 340 134 0.3941
9966.0000 341 134 0.3930
10000.0000 342 134 0.3918
10004.1000 342 135 0.3947
10031.0000 343 135 0.3936
10057.0000 344 135 0.3924
10083.0000 345 135 0.3913
10111.0000 346 135 0.3902
10141.0000 347 135 0.3890
10161.3000 347 136 0.3919
10170.0000 348 136 0.3908
10193.8000 348 137 0.3937
10198.0000 349 137 0.3926
10227.0000 350 137 0.3914
10230.9000 350 138 0.3943
10257.0000 351 138 0.3932
10278.2000 351 139 0.3960
10284.4000 351 140 0.3989
10290.0000 352 140 0.3977
10307.5000 352 141 0.4006
10323.0000 353 141 0.3994
10330.4000 353 142 0.4023
10354.0000 354 142 0.4011
10372.6000 354 143 0.4040
10381.0000 355 143 0.4028
10415.0000 356 143 0.4017
10448.0000 357 143 0.4006
10476.0000 358 143 0.3994
10507.0000 359 143 0.3983
10538.0000 360 143 0.3972
10569.0000 361 143 0.3961
10571.4000 361 144 0.3989
10573.4000 361 145 0.4017
10598.0000 362 145 0.4006
10632.0000 363 145 0.3994
10633.4000 363 146 0.4022
10664.0000 364 146 0.4011
10698.0000 365 146 0.4000
10702.4000 365 147 0.4027
10729.0000 366 147 0.4016
10741.1000 366 148 0.4044
10760.0000 367 148 0.4033
10793.0000 368 148 0.4022
10799.4000 368 149 0.4049
10822.0000 369 149 0.4038
10850.0000 370 149 0.4027
10881.6000 370 150 0.4054
10884.0000 371 150 0.4043
10897.0000 371 151 0.4070
10912.0000 372 151 0.4059
10942.0000 373 151 0.4048
10972.0000 374 151 0.4037
11002.0000 375 151 0.4027
11033.0000 376 151 0.4016
11064.0000 377 151 0.4005
11092.0000 378 151 0.3995
11118.0000 379 151 0.3984
11134.1000 379 152 0.4011
11152.0000 380 152 0.4000
11178.0000 381 152 0.3990
11209.0000 382 152 0.3979
11234.0000 383 152 0.3969
11251.3000 383 153 0.3995
11268.0000 384 153 0.3984
11294.9000 384 154 0.4010
11302.0000 385 154 0.4000
11302.8000 385 155 0.4026
11335.0000 386 155 0.4016
11340.5000 386 156 0.4041
11364.7000 386 157 0.4067
11366.0000 387 157 0.4057
11389.4000 387 158 0.4083
11395.0000 388 158 0.4072
11415.9000 388 159 0.4098
11418.8000 388 160 0.4124
11424.0000 389 160 0.4113
11456.0000 390 160 0.4103
11481.0000 391 160 0.4092
11511.0000 392 160 0.4082
11541.0000 393 160 0.4071
11561.4000 393 161 0.4097
11571.0000 394 161 0.4086
11600.0000 395 161 0.4076
11633.0000 396 161 0.4066
11645.5000 396 162 0.4091
11657.6000 396 163 0.4116
11664.0000 397 163 0.4106
11670.3000 397 164 0.4131
11696.0000 398 164 0.4121
11715.1000 398 165 0.4146
11723.0000 399 165 0.4135
11737.1000 399 166 0.4160
11749.0000 400 166 0.4150
11752.1000 400 167 0.4175
11783.0000 401 167 0.4165
11795.9000 401 168 0.4190
11804.3000 401 169 0.4214
11815.0000 402 169 0.4204
11844.0000 403 169 0.4194
11875.0000 404 169 0.4183
11901.0000 405 169 0.4173
11920.9000 405 170 0.4198
11932.0000 406 170 0.4187
11966.0000 407 170 0.4177
11996.0000 408 170 0.4167
12027.0000 409 170 0.4156
12043.3000 409 171 0.4181
12054.0000 410 171 0.4171
12071.7000 410 172 0.4195
12075.0000 410 173 0.4220
12075.8000 410 174 0.4244
12078.2000 410 175 0.4268
12087.0000 411 175 0.4258
12114.0000 412 175 0.4248
12141.0000 413 175 0.4237
12160.0000 413 176 0.4262
12164.5000 413 177 0.4286
12169.0000 414 177 0.4275
12194.0000 415 177 0.4265
12221.0000 416 177 0.4255
12225.1000 416 178 0.4279
12229.9000 416 179 0.4303
12249.0000 417 179 0.4293
12255.4000 417 180 0.4317
12281.0000 418 180 0.4306
12284.9000 418 181 0.4330
12298.4000 418 182 0.4354
12315.0000 419 182 0.4344
12347.0000 420 182 0.4333
12357.0000 420 183 0.4357
12364.3000 420 184 0.4381
12364.7000 420 185 0.4405
12366.9000 420 186 0.4429
12370.3000 420 187 0.4452
12380.0000 421 187 0.4442
12395.5000 421 188 0.4466
12413.0000 422 188 0.4455
12438.0000 423 188 0.4444
12460.8000 423 189 0.4468
12463.0000 424 189 0.4458
12496.0000 425 189 0.4447
12523.0000 426 189 0.4437
12542.1000 426 190 0.4460
12555.0000 427 190 0.4450
12558.2000 427 191 0.4473
12574.9000 427 192 0.4496
12581.0000 428 192 0.4486
12615.0000 429 192 0.4476
12631.4000 429 193 0.4499
12648.0000 430 193 0.4488
12681.0000 431 193 0.4478
12707.0000 432 193 0.4468
12708.6000 432 194 0.4491
12738.0000 433 194 0.4480
12751.4000 433 195 0.4503
12771.0000 434 195 0.4493
12779.4000 434 196 0.4516
12783.3000 434 197 0.4539
12805.0000 435 197 0.4529
12808.5000 435 198 0.4552
12817.9000 435 199 0.4575
12838.0000 436 199 0.4564
12871.9000 436 200 0.4587
12872.0000 437 200 0.4577
12900.0000 438 200 0.4566
12925.0000 439 200 0.4556
12925.0000 439 201 0.4579
12927.7000 439 202 0.4601
12953.0000 440 202 0.4591
12953.3000 440 203 0.4614
12986.0000 441 203 0.4603
13020.0000 442 203 0.4593
13030.4000 442 204 0.4615
13033.8000 442 205 0.4638
13041.3000 442 206 0.4661
13054.0000 443 206 0.4650
13067.6000 443 207 0.4673
13083.0000 444 207 0.4662
13112.0000 445 207 0.4652
13143.0000 446 207 0.4641
13170.0000 447 207 0.4631
13199.0000 448 207 0.4621
13224.0000 449 207 0.4610
13244.6000 449 208 0.4633
13247.4000 449 209 0.4655
13250.0000 450 209 0.4644
13259.4000 450 210 0.4667
13283.0000 451 210 0.4656
13314.0000 452 210 0.4646
13342.0000 453 210 0.4636
13369.0000 454 210 0.4626
13390.5000 454 211 0.4648
13394.5000 454 212 0.4670
13398.1000 454 213 0.4692
13402.0000 455 213 0.4681
13434.0000 456 213 0.4671
13460.0000 457 213 0.4661
13489.0000 458 213 0.4651
13521.0000 459 213 0.4641
13553.0000 460 213 0.4630
13583.0000 461 213 0.4620
13599.3000 461 214 0.4642
13613.0000 462 214 0.4632
13644.0000 463 214 0.4622
13671.0000 464 214 0.4612
13675.8000 464 215 0.4634
13705.0000 465 215 0.4624
13737.0000 466 215 0.4614
13741.7000 466 216 0.4635
13764.0000 467 216 0.4625
13793.0000 468 216 0.4615
13826.0000 469 216 0.4606
13857.0000 470 216 0.4596
13889.0000 471 216 0.4586
13920.0000 472 216 0.4576
13947.0000 473 216 0.4567
13979.0000 474 216 0.4557
13982.3000 474 217 0.4578
14006.0000 475 217 0.4568
14009.6000 475 218 0.4589
14040.0000 476 218 0.4580
14074.0000 477 218 0.4570
14103.0000 478 218 0.4561
14103.3000 478 219 0.4582
14119.8000 478 220 0.4603
14137.0000 479 220 0.4593
14168.0000 480 220 0.4583
14171.9000 480 221 0.4604
14194.0000 481 221 0.4595
14219.0000 482 221 0.4585
14252.0000 483 221 0.4576
14284.0000 484 221 0.4566
14285.9000 484 222 0.4587
14288.4000 484 223 0.4607
14290.9000 484 224 0.4628
14295.8000 484 225 0.4649
14313.0000 485 225 0.4639
14344.0000 486 225 0.4630
14355.1000 486 226 0.4650
14375.0000 487 226 0.4641
14383.2000 487 227 0.4661
14400.0000 488 227 0.4652
14427.0000 489 227 0.4642
14459.0000 490 227 0.4633
14485.0000 491 227 0.4623
14491.6000 491 228 0.4644
14514.3000 491 229 0.4664
14517.0000 492 229 0.4654
14543.0000 493 229 0.4645
14577.0000 494 229 0.4636
14610.0000 495 229 0.4626
14640.0000 496 229 0.4617
14672.0000 497 229 0.4608
14704.0000 498 229 0.4598
14707.8000 498 230 0.4618
14720.4000 498 231 0.4639
14727.1000 498 232 0.4659
14738.0000 499 232 0.4649
14767.0000 500 232 0.4640
14798.0000 501 232 0.4631
14830.0000 502 232 0.4622
14855.0000 503 232 0.4612
14883.0000 504 232 0.4603
14909.0000 505 232 0.4594
14937.3000 505 233 0.4614
14941.0000 506 233 0.4605
14945.7000 506 234 0.4625
14966.0000 507 234 0.4615
14990.9000 507 235 0.4635
14999.0000 508 235 0.4626
15026.0000 508 236 0.4646
15032.0000 509 236 0.4637
15041.4000 509 237 0.4656
15065.0000 510 237 0.4647
15081.0000 510 238 0.4667
15094.0000 511 238 0.4658
15110.8000 511 239 0.4677
15121.0000 512 239 0.4668
15147.0000 513 239 0.4659
15172.0000 514 239 0.4650
15193.3000 514 240 0.4669
15202.0000 515 240 0.4660
15228.0000 516 240 0.4651
15261.0000 517 240 0.4642
15289.6000 517 241 0.4662
15295.0000 518 241 0.4653
15323.0000 519 241 0.4644
15351.0000 520 241 0.4635
15376.0000 521 241 0.4626
15409.0000 522 241 0.4617
15435.0000 523 241 0.4608
15436.4000 523 242 0.4627
15463.3000 523 243 0.4646
15468.0000 524 243 0.4637
15497.0000 525 243 0.4629
15523.0000 526 243 0.4620
15554.0000 527 243 0.4611
15580.0000 528 243 0.4602
15610.0000 529 243 0.4594
15642.0000 530 243 0.4585
15642.3000 530 244 0.4604
15650.0000 530 245 0.4623
15668.0000 531 245 0.4614
15694.0000 532 245 0.4605
15700.8000 532 246 0.4624
15717.8000 532 247 0.4643
15728.0000 533 247 0.4634
15758.9000 533 248 0.4653
15761.0000 534 248 0.4644
15786.0000 535 248 0.4636
15815.8000 535 249 0.4654
15816.0000 536 249 0.4646
15840.0000 536 250 0.4664
15850.0000 537 250 0.4655
15869.5000 537 251 0.4674
15875.0000 538 251 0.4665
15909.0000 539 251 0.4657
15913.3000 539 252 0.4675
15917.6000 539 253 0.4694
15924.9000 539 254 0.4712
15934.7000 539 255 0.4731
15939.0000 540 255 0.4722
15965.0000 541 255 0.4713
15993.0000 542 255 0.4705
16010.6000 542 256 0.4723
16025.0000 543 256 0.4715
16053.0000 544 256 0.4706
16063.5000 544 257 0.4724
16074.8000 544 258 0.4743
16080.0000 545 258 0.4734
16098.2000 545 259 0.4752
16105.0000 546 259 0.4744
16131.0000 547 259 0.4735
16165.0000 548 259 0.4726
16171.7000 548 260 0.4745
16198.0000 549 260 0.4736
16210.0000 549 261 0.4754
16230.0000 550 261 0.4745
16253.7000 550 262 0.4764
16262.0000 551 262 0.4755
16279.4000 551 263 0.4773
16289.2000 551 264 0.4791
16294.0000 552 264 0.4783
16323.0000 553 264 0.4774
16350.6000 553 265 0.4792
16355.0000 554 265 0.4783
16385.0000 555 265 0.4775
16417.0000 556 265 0.4766
16444.0000 557 265 0.4758
16469.0000 558 265 0.4749
16474.7000 558 266 0.4767
16475.6000 558 267 0.4785
16495.0000 559 267 0.4776
16510.4000 559 268 0.4794
16514.9000 559 269 0.4812
16524.0000 560 269 0.4804
16552.0000 561 269 0.4795
16574.3000 561 270 0.4813
16577.4000 561 271 0.4831
16583.0000 562 271 0.4822
16608.0000 563 271 0.4813
16638.0000 564 271 0.4805
16665.0000 565 271 0.4796
16671.2000 565 272 0.4814
16695.0000 566 272 0.4806
16715.2000 566 273 0.4823
16723.0000 567 273 0.4815
16749.0000 568 273 0.4806
16750.2000 568 274 0.4824
16778.0000 569 274 0.4815
16805.4000 569 275 0.4833
16810.0000 570 275 0.4825
16844.0000 571 275 0.4816
16877.0000 572 275 0.4808
16904.0000 573 275 0.4799
16932.9000 573 276 0.4817
16935.5000 573 277 0.4834
16936.0000 574 277 0.4826
16942.5000 574 278 0.4843
16965.0000 575 278 0.4835
16990.0000 576 278 0.4826
16993.5000 576 279 0.4844
16999.4000 576 280 0.4861
17007.9000 576 281 0.4878
17021.0000 577 281 0.4870
17046.0000 578 281 0.4862
17077.0000 579 281 0.4853
17105.0000 580 281 0.4845
17128.4000 580 282 0.4862
17136.0000 581 282 0.4854
17144.8000 581 283 0.4871
17163.8000 581 284 0.4888
17164.1000 581 285 0.4905
17169.0000 582 285 0.4897
17202.0000 583 285 0.4889
17232.1000 583 286 0.4906
17235.0000 584 286 0.4897
17267.0000 585 286 0.4889
17283.8000 585 287 0.4906
17295.0000 586 287 0.4898
17321.0000 587 287 0.4889
17354.0000 588 287 0.4881
17382.0000 589 287 0.4873
17386.3000 589 288 0.4890
17407.0000 590 288 0.4881
17435.0000 591 288 0.4873
17460.0000 592 288 0.4865
17486.0000 593 288 0.4857
17511.0000 594 288 0.4848
17545.0000 595 288 0.4840
17548.6000 595 289 0.4857
17572.0000 596 289 0.4849
17597.0000 597 289 0.4841
17608.0000 597 290 0.4858
17620.1000 597 291 0.4874
17630.0000 598 291 0.4866
17661.0000 599 291 0.4858
17664.9000 599 292 0.4875
17688.0000 600 292 0.4867
17720.0000 601 292 0.4859
17731.9000 601 293 0.4875
17733.8000 601 294 0.4892
17750.0000 602 294 0.4884
17775.0000 603 294 0.4876
17805.0000 604 294 0.4868
17832.0000 605 294 0.4860
17860.0000 606 294 0.4851
17893.0000 607 294 0.4843
17913.6000 607 295 0.4860
17916.3000 607 296 0.4876
17920.0000 608 296 0.4868
17925.7000 608 297 0.4885
17931.9000 608 298 0.4901
17951.0000 609 298 0.4893
17981.0000 610 298 0.4885
17993.9000 610 299 0.4902
18007.4000 610 300 0.4918
18012.0000 611 300 0.4910
18031.5000 611 301 0.4926
18046.0000 612 301 0.4918
18059.9000 612 302 0.4935
18071.0000 613 302 0.4927
18103.0000 614 302 0.4919
18112.4000 614 303 0.4935
18135.0000 615 303 0.4927
18163.0000 616 303 0.4919
18194.0000 617 303 0.4911
18196.7000 617 304 0.4927
18219.0000 618 304 0.4919
18227.9000 618 305 0.4935
18230.0000 618 306 0.4951
18246.0000 619 306 0.4943
18252.4000 619 307 0.4960
18260.1000 619 308 0.4976
18277.0000 620 308 0.4968
18308.0000 621 308 0.4960
18340.0000 622 308 0.4952
18368.0000 623 308 0.4944
18371.6000 623 309 0.4960
18399.0000 624 309 0.4952
18404.0000 624 310 0.4968
18429.0000 625 310 0.4960
18438.4000 625 311 0.4976
18457.0000 626 311 0.4968
18487.0000 627 311 0.4960
18518.0000 627 312 0.4976
18520.0000 628 312 0.4968
18549.0000 629 312 0.4960
18553.3000 629 313 0.4976
18555.2000 629 314 0.4992
18582.0000 630 314 0.4984
18586.1000 630 315 0.5000
18599.4000 630 316 0.5016
18608.0000 631 316 0.5008
18617.2000 631 317 0.5024
18640.0000 632 317 0.5016
18674.0000 633 317 0.5008
18681.3000 633 318 0.5024
18694.2000 633 319 0.5039
18695.4000 633 320 0.5055
18700.0000 634 320 0.5047
18730.0000 635 320 0.5039
18758.0000 636 320 0.5031
18780.5000 636 321 0.5047
18789.0000 637 321 0.5039
18818.0000 638 321 0.5031
18848.0000 639 321 0.5023
18874.0000 640 321 0.5016
18896.5000 640 322 0.5031
18904.0000 641 322 0.5023
18935.0000 642 322 0.5016
18960.0000 643 322 0.5008
18987.0000 644 322 0.5000
19020.0000 645 322 0.4992
19035.6000 645 323 0.5008
19049.0000 645 324 0.5023
19050.0000 646 324 0.5015
19079.0000 647 324 0.5008
19105.0000 648 324 0.5000
19125.0000 648 325 0.5015
19130.0000 649 325 0.5008
19153.3000 649 326 0.5023
19164.0000 650 326 0.5015
19198.0000 651 326 0.5008
19203.0000 651 327 0.5023
19220.7000 651 328 0.5038
19225.8000 651 329 0.5054
19227.0000 652 329 0.5046
19259.0000 653 329 0.5038
19263.8000 653 330 0.5054
19272.3000 653 331 0.5069
19278.4000 653 332 0.5084
19288.0000 654 332 0.5076
19292.2000 654 333 0.5092
19296.0000 654 334 0.5107
19313.0000 655 334 0.5099
19322.4000 655 335 0.5115
19345.0000 656 335 0.5107
19364.9000 656 336 0.5122
19376.0000 657 336 0.5114
19392.6000 657 337 0.5129
19410.0000 658 337 0.5122
19435.5000 658 338 0.5137
19443.0000 659 338 0.5129
19472.0000 660 338 0.5121
19484.2000 660 339 0.5136
19486.9000 660 340 0.5152
19502.1000 660 341 0.5167
19504.0000 661 341 0.5159
19531.0000 662 341 0.5151
19565.0000 663 341 0.5143
19595.0000 664 341 0.5136
19629.0000 665 341 0.5128
19631.4000 665 342 0.5143
19656.0000 666 342 0.5135
19683.0000 667 342 0.5127
19716.0000 668 342 0.5120
19744.0000 669 342 0.5112
19747.6000 669 343 0.5127
19757.9000 669 344 0.5142
19772.0000 670 344 0.5134
19790.8000 670 345 0.5149
19793.3000 670 346 0.5164
19795.2000 670 347 0.5179
19795.8000 670 348 0.5194
19803.0000 671 348 0.5186
19828.0000 672 348 0.5179
19840.5000 672 349 0.5193
19862.0000 673 349 0.5186
19893.0000 674 349 0.5178
19926.0000 675 349 0.5170
19940.7000 675 350 0.5185
19959.0000 676 350 0.5178
19993.0000 677 350 0.5170
20024.0000 678 350 0.5162
20050.0000 679 350 0.5155
20082.0000 680 350 0.5147
20112.0000 681 350 0.5140
20137.0000 682 350 0.5132
20163.0000 683 350 0.5124
20195.0000 684 350 0.5117
20213.3000 684 351 0.5132
20221.0000 685 351 0.5124
20242.0000 685 352 0.5139
20247.4000 685 353 0.5153
20249.0000 686 353 0.5146
20253.1000 686 354 0.5160
20281.0000 687 354 0.5153
20300.2000 687 355 0.5167
20314.0000 688 355 0.5160
20336.4000 688 356 0.5174
20345.0000 689 356 0.5167
20352.9000 689 357 0.5181
20356.9000 689 358 0.5196
20377.0000 690 358 0.5188
20379.5000 690 359 0.5203
20402.0000 691 359 0.5195
20435.0000 692 359 0.5188
20447.3000 692 360 0.5202
20466.7000 692 361 0.5217
20468.0000 693 361 0.5209
20488.0000 693 362 0.5224
20493.0000 694 362 0.5216
20519.0000 695 362 0.5209
20533.9000 695 363 0.5223
20541.7000 695 364 0.5237
20546.0000 696 364 0.5230
20571.0000 697 364 0.5222
20572.0000 697 365 0.5237
20580.7000 697 366 0.5251
20603.0000 698 366 0.5244
20634.0000 699 366 0.5236
20662.7000 699 367 0.5250
20664.0000 700 367 0.5243
20691.0000 701 367 0.5235
20721.0000 702 367 0.5228
20747.0000 703 367 0.5220
20769.6000 703 368 0.5235
20773.0000 704 368 0.5227
20804.0000 705 368 0.5220
20813.3000 705 369 0.5234
20824.8000 705 370 0.5248
20829.9000 705 371 0.5262
20834.0000 706 371 0.5255
20861.0000 706 372 0.5269
20863.2000 706 373 0.5283
20867.0000 707 373 0.5276
20869.4000 707 374 0.5290
20900.0000 708 374 0.5282
20903.2000 708 375 0.5297
20904.0000 708 376 0.5311
20932.0000 709 376 0.5303
20963.0000 710 376 0.5296
20997.0000 711 376 0.5288
21002.8000 711 377 0.5302
21022.0000 712 377 0.5295
21055.0000 713 377 0.5288
21081.0000 713 378 0.5302
21084.0000 714 378 0.5294
21099.8000 714 379 0.5308
21115.0000 715 379 0.5301
21146.0000 716 379 0.5293
21152.7000 716 380 0.5307
21164.7000 716 381 0.5321
21177.0000 717 381 0.5314
21205.0000 718 381 0.5306
21215.3000 718 382 0.5320
21231.0000 719 382 0.5313
21255.0000 719 383 0.5327
21262.0000 720 383 0.5319
21265.6000 720 384 0.5333
21272.4000 720 385 0.5347
21295.0000 721 385 0.5340
21326.0000 722 385 0.5332
21334.2000 722 386 0.5346
21354.0000 723 386 0.5339
21357.1000 723 387 0.5353
21373.5000 723 388 0.5367
21381.7000 723 389 0.5380
21385.0000 724 389 0.5373
21413.0000 725 389 0.5366
21413.2000 725 390 0.5379
21423.5000 725 391 0.5393
21445.0000 726 391 0.5386
21460.8000 726 392 0.5399
21473.0000 727 392 0.5392
21503.0000 728 392 0.5385
21505.4000 728 393 0.5398
21534.0000 729 393 0.5391
21550.3000 729 394 0.5405
21561.0000 730 394 0.5397
21571.2000 730 395 0.5411
21588.4000 730 396 0.5425
21592.0000 731 396 0.5417
21621.0000 732 396 0.5410
21629.9000 732 397 0.5423
21646.0000 733 397 0.5416
21679.0000 734 397 0.5409
21704.0000 735 397 0.5401
21737.0000 736 397 0.5394
21755.4000 736 398 0.5408
21764.0000 737 398 0.5400
21767.7000 737 399 0.5414
21797.0000 738 399 0.5407
21826.0000 739 399 0.5399
21854.0000 740 399 0.5392
21866.2000 740 400 0.5405
21879.0000 741 400 0.5398
21911.0000 742 400 0.5391
21941.0000 743 400 0.5384
21956.7000 743 401 0.5397
21968.0000 744 401 0.5390
21988.8000 744 402 0.5403
21999.9000 744 403 0.5417
22001.0000 745 403 0.5409
22027.0000 746 403 0.5402
22055.0000 747 403 0.5395
22085.0000 748 403 0.5388
22113.0000 749 403 0.5381
22139.0000 750 403 0.5373
22143.7000 750 404 0.5387
22150.8000 750 405 0.5400
22153.9000 750 406 0.5413
22159.9000 750 407 0.5427
22165.5000 750 408 0.5440
22173.0000 751 408 0.5433
22174.0000 751 409 0.5446
22175.6000 751 410 0.5459
22207.0000 752 410 0.5452
22240.0000 753 410 0.5445
22243.1000 753 411 0.5458
22267.0000 754 411 0.5451
22295.0000 755 411 0.5444
22313.2000 755 412 0.5457
22328.0000 756 412 0.5450
22346.0000 756 413 0.5463
22356.0000 757 413 0.5456
22361.5000 757 414 0.5469
22388.0000 758 414 0.5462
22395.8000 758 415 0.5475
22408.3000 758 416 0.5488
22421.0000 759 416 0.5481
22454.0000 760 416 0.5474
22471.1000 760 417 0.5487
22479.0000 761 417 0.5480
22512.0000 762 417 0.5472
22522.0000 762 418 0.5486
22543.0000 763 418 0.5478
22576.0000 764 418 0.5471
22601.0000 765 418 0.5464
22620.5000 765 419 0.5477
22627.0000 766 419 0.5470
22659.0000 767 419 0.5463
22671.9000 767 420 0.5476
22688.0000 768 420 0.5469
22718.0000 768 421 0.5482
22719.0000 769 421 0.5475
22748.0000 770 421 0.5468
22777.0000 771 421 0.5460
22806.0000 772 421 0.5453
22835.0000 773 421 0.5446
22865.0000 774 421 0.5439
22872.1000 774 422 0.5452
22890.0000 775 422 0.5445
22917.0000 776 422 0.5438
22921.5000 776 423 0.5451
22945.0000 777 423 0.5444
22969.3000 777 424 0.5457
22971.0000 778 424 0.5450
22973.9000 778 425 0.5463
23002.0000 779 425 0.5456
23017.3000 779 426 0.5469
23029.0000 780 426 0.5462
23033.1000 780 427 0.5474
23055.0000 781 427 0.5467
23086.0000 782 427 0.5460
23111.0000 783 427 0.5453
23136.0000 784 427 0.5446
23147.0000 784 428 0.5459
23164.0000 785 428 0.5452
23196.0000 786 428 0.5445
23210.7000 786 429 0.5458
23221.0000 787 429 0.5451
23224.6000 787 430 0.5464
23252.0000 788 430 0.5457
23277.0000 789 430 0.5450
23303.0000 790 430 0.5443
23305.0000 790 431 0.5456
23332.0000 791 431 0.5449
23332.6000 791 432 0.5461
23358.9000 791 433 0.5474
23364.0000 792 433 0.5467
23370.5000 792 434 0.5480
23378.5000 792 435 0.5492
23398.0000 793 435 0.5485
23430.0000 794 435 0.5479
23460.0000 795 435 0.5472
23494.0000 796 435 0.5465
23522.8000 796 436 0.5477
23526.0000 797 436 0.5471
23538.4000 797 437 0.5483
23554.0000 798 437 0.5476
23585.0000 799 437 0.5469
23617.0000 800 437 0.5463
23621.8000 800 438 0.5475
23647.0000 801 438 0.5468
23678.6000 801 439 0.5481
23679.0000 802 439 0.5474
23709.9000 802 440 0.5486
23710.0000 803 440 0.5479
23727.1000 803 441 0.5492
23729.4000 803 442 0.5504
23741.0000 804 442 0.5498
23766.9000 804 443 0.5510
23771.0000 805 443 0.5503
23797.0000 806 443 0.5496
23829.0000 807 443 0.5489
23840.4000 807 444 0.5502
23861.0000 808 444 0.5495
23893.0000 809 444 0.5488
23914.3000 809 445 0.5501
23924.0000 810 445 0.5494
23958.0000 811 445 0.5487
23974.0000 811 446 0.5499
23987.0000 812 446 0.5493
23994.7000 812 447 0.5505
24016.0000 813 447 0.5498
24041.0000 814 447 0.5491
24074.0000 815 447 0.5485
24108.0000 816 447 0.5478
24139.0000 817 447 0.5471
24166.0000 818 447 0.5465
24199.0000 819 447 0.5458
24230.0000 820 447 0.5451
24256.0000 821 447 0.5445
24261.3000 821 448 0.5457
24282.0000 822 448 0.5450
24312.0000 823 448 0.5443
24339.0000 824 448 0.5437
24370.0000 825 448 0.5430
24401.0000 826 448 0.5424
24431.0000 827 448 0.5417
24432.1000 827 449 0.5429
24446.0000 827 450 0.5441
24464.0000 828 450 0.5435
24491.4000 828 451 0.5447
24493.0000 829 451 0.5440
24505.1000 829 452 0.5452
24507.4000 829 453 0.5464
24509.9000 829 454 0.5476
24518.9000 829 455 0.5489
24522.0000 830 455 0.5482
24553.0000 831 455 0.5475
24562.4000 831 456 0.5487
24582.0000 832 456 0.5481
24605.3000 832 457 0.5493
24611.1000 832 458 0.5505
24613.0000 833 458 0.5498
24643.0000 834 458 0.5492
24657.5000 834 459 0.5504
24669.0000 834 460 0.5516
24670.0000 835 460 0.5509
24692.1000 835 461 0.5521
24698.0000 836 461 0.5514
24728.0000 837 461 0.5508
24753.3000 837 462 0.5520
24753.8000 837 463 0.5532
24762.0000 838 463 0.5525
24767.7000 838 464 0.5537
24790.0000 839 464 0.5530
24822.0000 840 464 0.5524
24825.5000 840 465 0.5536
24848.0000 841 465 0.5529
24875.0000 842 465 0.5523
24877.2000 842 466 0.5534
24905.0000 843 466 0.5528
24939.0000 844 466 0.5521
24962.9000 844 467 0.5533
24966.0000 845 467 0.5527
24998.0000 846 467 0.5520
25023.0000 847 467 0.5514
25056.0000 848 467 0.5507
25084.0000 849 467 0.5501
25114.0000 850 467 0.5494
25143.0000 851 467 0.5488
25171.0000 852 467 0.5481
25186.7000 852 468 0.5493
25204.0000 853 468 0.5487
25234.0000 854 468 0.5480
25247.3000 854 469 0.5492
25250.9000 854 470 0.5504
25253.6000 854 471 0.5515
25260.1000 854 472 0.5527
25262.0000 855 472 0.5520
25279.4000 855 473 0.5532
25287.0000 856 473 0.5526
25314.0000 857 473 0.5519
25341.0000 858 473 0.5513
25347.8000 858 474 0.5524
25370.5000 858 475 0.5536
25371.0000 859 475 0.5530
25378.4000 859 476 0.5541
25400.0000 860 476 0.5535
25422.3000 860 477 0.5547
25422.8000 860 478 0.5558
25425.0000 861 478 0.5552
25438.9000 861 479 0.5563
25455.0000 862 479 0.5557
25472.5000 862 480 0.5568
25489.0000 863 480 0.5562
25516.1000 863 481 0.5574
25520.0000 864 481 0.5567
25530.9000 864 482 0.5579
25547.0000 865 482 0.5572
25549.6000 865 483 0.5584
25552.6000 865 484 0.5595
25572.0000 866 484 0.5589
25584.8000 866 485 0.5600
25605.0000 867 485 0.5594
25616.5000 867 486 0.5606
25633.4000 867 487 0.5617
25637.0000 868 487 0.5611
25663.0000 869 487 0.5604
25679.0000 869 488 0.5616
25696.0000 870 488 0.5609
25721.0000 870 489 0.5621
25730.0000 871 489 0.5614
25757.0000 872 489 0.5608
25771.3000 872 490 0.5619
25775.0000 872 491 0.5631
25790.0000 873 491 0.5624
25798.4000 873 492 0.5636
25807.5000 873 493 0.5647
25821.0000 874 493 0.5641
25848.0000 875 493 0.5634
25874.0000 876 493 0.5628
25892.0000 876 494 0.5639
25905.0000 877 494 0.5633
25914.4000 877 495 0.5644
25925.5000 877 496 0.5656
25931.0000 878 496 0.5649
25938.0000 878 497 0.5661
25957.0000 879 497 0.5654
25958.8000 879 498 0.5666
25991.0000 880 498 0.5659
26000.9000 880 499 0.5670
26013.6000 880 500 0.5682
26020.0000 881 500 0.5675
26049.0000 882 500 0.5669
26052.7000 882 501 0.5680
26060.2000 882 502 0.5692
26069.2000 882 503 0.5703
26074.0000 883 503 0.5696
26101.2000 883 504 0.5708
26102.0000 884 504 0.5701
26114.2000 884 505 0.5713
26126.6000 884 506 0.5724
26127.0000 885 506 0.5718
26154.0000 886 506 0.5711
26181.0000 887 506 0.5705
26195.9000 887 507 0.5716
26203.3000 887 508 0.5727
26207.1000 887 509 0.5738
26213.0000 888 509 0.5732
26241.4000 888 510 0.5743
26245.3000 888 511 0.5755
26247.0000 889 511 0.5748
26257.2000 889 512 0.5759
26261.4000 889 513 0.5771
26272.0000 890 513 0.5764
26285.1000 890 514 0.5775
26303.0000 891 514 0.5769
26305.0000 891 515 0.5780
26332.0000 892 515 0.5774
26336.9000 892 516 0.5785
26354.0000 892 517 0.5796
26364.0000 893 517 0.5789
26393.0000 894 517 0.5783
26421.0000 895 517 0.5777
26447.0000 896 517 0.5770
26473.0000 897 517 0.5764
26494.3000 897 518 0.5775
26497.3000 897 519 0.5786
26507.0000 898 519 0.5780
26513.4000 898 520 0.5791
26533.2000 898 521 0.5802
26537.0000 899 521 0.5795
26554.3000 899 522 0.5806
26562.5000 899 523 0.5818
26570.0000 900 523 0.5811
26603.0000 901 523 0.5805
26629.0000 902 523 0.5798
26630.6000 902 524 0.5809
26632.5000 902 525 0.5820
26649.1000 902 526 0.5831
26659.0000 903 526 0.5825
26685.0000 904 526 0.5819
26700.1000 904 527 0.5830
26707.3000 904 528 0.5841
26716.6000 904 529 0.5852
26719.0000 905 529 0.5845
26738.2000 905 530 0.5856
26747.0000 906 530 0.5850
26765.5000 906 531 0.5861
26779.0000 907 531 0.5854
26804.0000 908 531 0.5848
26837.0000 909 531 0.5842
26867.0000 910 531 0.5835
26869.0000 910 532 0.5846
26901.0000 911 532 0.5840
26912.6000 911 533 0.5851
26932.0000 912 533 0.5844
26956.1000 912 534 0.5855
26959.0000 913 534 0.5849
26960.6000 913 535 0.5860
26988.0000 914 535 0.5853
27015.0000 915 535 0.5847
27040.0000 916 535 0.5841
27066.0000 917 535 0.5834
27097.0000 918 535 0.5828
27106.3000 918 536 0.5839
27123.4000 918 537 0.5850
27129.0000 919 537 0.5843
27129.3000 919 538 0.5854
27161.0000 920 538 0.5848
27178.5000 920 539 0.5859
27195.0000 921 539 0.5852
27200.4000 921 540 0.5863
27227.0000 922 540 0.5857
27243.9000 922 541 0.5868
27259.0000 923 541 0.5861
27282.9000 923 542 0.5872
27288.0000 924 542 0.5866
27317.0000 925 542 0.5859
27320.7000 925 543 0.5870
27345.0000 926 543 0.5864
27345.8000 926 544 0.5875
27349.7000 926 545 0.5886
27370.0000 927 545 0.5879
27398.0000 928 545 0.5873
27409.1000 928 546 0.5884
27419.1000 928 547 0.5894
27424.0000 929 547 0.5888
27451.0000 930 547 0.5882
27477.0000 931 547 0.5875
27486.0000 931 548 0.5886
27503.0000 932 548 0.5880
27530.0000 933 548 0.5874
27545.3000 933 549 0.5884
27555.0000 934 549 0.5878
27584.0000 935 549 0.5872
27590.0000 935 550 0.5882
27594.4000 935 551 0.5893
27600.0000 935 552 0.5904
27602.3000 935 553 0.5914
27612.0000 936 553 0.5908
27628.5000 936 554 0.5919
27640.0000 937 554 0.5912
27672.0000 938 554 0.5906
27703.0000 939 554 0.5900
27705.2000 939 555 0.5911
27712.1000 939 556 0.5921
27723.1000 939 557 0.5932
27726.7000 939 558 0.5942
27737.0000 940 558 0.5936
27753.8000 940 559 0.5947
27762.0000 941 559 0.5940
27789.0000 942 559 0.5934
27819.0000 943 559 0.5928
27847.0000 944 559 0.5922
27866.0000 944 560 0.5932
27880.0000 945 560 0.5926
27886.0000 945 561 0.5937
27909.0000 946 561 0.5930
27910.6000 946 562 0.5941
27923.1000 946 563 0.5951
27926.6000 946 564 0.5962
27935.0000 947 564 0.5956
27961.0000 948 564 0.5949
27988.0000 948 565 0.5960
27993.0000 949 565 0.5954
28013.0000 949 566 0.5964
28017.6000 949 567 0.5975
28021.0000 950 567 0.5968
28021.4000 950 568 0.5979
28021.4000 950 569 0.5989
28049.0000 951 569 0.5983
28057.9000 951 570 0.5994
28080.0000 952 570 0.5987
28089.7000 952 571 0.5998
28105.0000 953 571 0.5992
28125.6000 953 572 0.6002
28131.0000 954 572 0.5996
28133.8000 954 573 0.6006
28159.0000 955 573 0.6000
28172.1000 955 574 0.6010
28185.0000 956 574 0.6004
28199.9000 956 575 0.6015
28201.3000 956 576 0.6025
28218.0000 957 576 0.6019
28231.7000 957 577 0.6029
28245.0000 957 578 0.6040
28250.0000 958 578 0.6033
28279.0000 959 578 0.6027
28306.2000 959 579 0.6038
28308.0000 960 579 0.6031
28335.0000 961 579 0.6025
28368.0000 962 579 0.6019
28377.5000 962 580 0.6029
28402.0000 963 580 0.6023
28434.0000 964 580 0.6017
28442.5000 964 581 0.6027
28447.8000 964 582 0.6037
28457.3000 964 583 0.6048
28467.0000 965 583 0.6041
28499.0000 966 583 0.6035
28531.1000 966 584 0.6046
28533.0000 967 584 0.6039
28558.0000 968 584 0.6033
28558.7000 968 585 0.6043
28586.0000 969 585 0.6037
28610.0000 969 586 0.6047
28614.0000 970 586 0.6041
28647.0000 971 586 0.6035
28657.0000 971 587 0.6045
28676.0000 971 588 0.6056
28681.0000 972 588 0.6049
28681.1000 972 589 0.6060
28694.2000 972 590 0.6070
28711.0000 973 590 0.6064
28739.0000 974 590 0.6057
28748.7000 974 591 0.6068
28768.3000 974 592 0.6078
28768.8000 974 593 0.6088
28770.0000 975 593 0.6082
28771.3000 975 594 0.6092
28802.1000 975 595 0.6103
28803.0000 976 595 0.6096
28835.4000 976 596 0.6107
28837.0000 977 596 0.6100
28838.7000 977 597 0.6111
28867.0000 978 597 0.6104
28868.6000 978 598 0.6115
28897.0000 979 598 0.6108
28924.0000 980 598 0.6102
28955.9000 980 599 0.6112
28957.0000 981 599 0.6106
28957.6000 981 600 0.6116
28983.0000 982 600 0.6110
29008.0000 983 600 0.6104
29032.5000 983 601 0.6114
29038.0000 984 601 0.6108
29064.0000 985 601 0.6102
29095.0000 986 601 0.6095
29126.0000 987 601 0.6089
29145.4000 987 602 0.6099
29159.0000 988 602 0.6093
29184.0000 989 602 0.6087
29214.0000 990 602 0.6081
29220.1000 990 603 0.6091
29233.7000 990 604 0.6101
29241.0000 991 604 0.6095
29248.7000 991 605 0.6105
29256.5000 991 606 0.6115
29269.1000 991 607 0.6125
29272.0000 992 607 0.6119
29272.1000 992 608 0.6129
29276.4000 992 609 0.6139
29276.4000 992 610 0.6149
29299.0000 993 610 0.6143
29324.0000 994 610 0.6137
29325.0000 994 611 0.6147
29328.3000 994 612 0.6157
29353.9000 994 613 0.6167
29355.0000 995 613 0.6161
29365.4000 995 614 0.6171
29373.1000 995 615 0.6181
29388.0000 996 615 0.6175
29422.0000 997 615 0.6169
29422.3000 997 616 0.6179
29454.0000 998 616 0.6172
29483.0000 999 616 0.6166
29509.7000 999 617 0.6176
29513.0000 1000 617 0.6170
29536.1000 1000 618 0.6180
29543.0000 1001 618 0.6174
29543.6000 1001 619 0.6184
29573.0000 1002 619 0.6178
29584.1000 1002 620 0.6188
29602.0000 1003 620 0.6181
29621.4000 1003 621 0.6191
29635.0000 1004 621 0.6185
29660.0000 1005 621 0.6179
29682.8000 1005 622 0.6189
29688.0000 1006 622 0.6183
29716.0000 1007 622 0.6177
29727.4000 1007 623 0.6187
29743.0000 1008 623 0.6181
29762.9000 1008 624 0.6190
29769.4000 1008 625 0.6200
29773.0000 1009 625 0.6194
29781.4000 1009 626 0.6204
29803.0000 1010 626 0.6198
29835.0000 1011 626 0.6192
29850.6000 1011 627 0.6202
29868.0000 1012 627 0.6196
29900.0000 1013 627 0.6190
29907.8000 1013 628 0.6199
29920.3000 1013 629 0.6209
29932.0000 1014 629 0.6203
29962.0000 1015 629 0.6197
29980.6000 1015 630 0.6207
29992.0000 1016 630 0.6201
30004.5000 1016 631 0.6211
30018.0000 1017 631 0.6205
30019.2000 1017 632 0.6214
30029.6000 1017 633 0.6224
30047.6000 1017 634 0.6234
30050.0000 1018 634 0.6228
30077.0000 1019 634 0.6222
30095.6000 1019 635 0.6232
30105.0000 1020 635 0.6225
30134.6000 1020 636 0.6235
30138.0000 1021 636 0.6229
30162.6000 1021 637 0.6239
30167.0000 1022 637 0.6233
30171.2000 1022 638 0.6243
30190.2000 1022 639 0.6252
30192.0000 1023 639 0.6246
30206.8000 1023 640 0.6256
30221.0000 1024 640 0.6250
30231.0000 1024 641 0.6260
30254.0000 1025 641 0.6254
30280.0000 1026 641 0.6248
30282.9000 1026 642 0.6257
30307.0000 1027 642 0.6251
30335.0000 1028 642 0.6245
30360.0000 1029 642 0.6239
30371.2000 1029 643 0.6249
30375.8000 1029 644 0.6259
30379.1000 1029 645 0.6268
30391.0000 1030 645 0.6262
30391.6000 1030 646 0.6272
30395.1000 1030 647 0.6282
30416.0000 1031 647 0.6275
30443.0000 1032 647 0.6269
30471.7000 1032 648 0.6279
30472.0000 1033 648 0.6273
30502.0000 1034 648 0.6267
30534.0000 1035 648 0.6261
30541.9000 1035 649 0.6271
30561.0000 1036 649 0.6264
30584.2000 1036 650 0.6274
30586.0000 1037 650 0.6268
30586.7000 1037 651 0.6278
30611.9000 1037 652 0.6287
30618.0000 1038 652 0.6281
30648.0000 1039 652 0.6275
30674.0000 1040 652 0.6269
30706.1000 1040 653 0.6279
30707.0000 1041 653 0.6273
30741.0000 1042 653 0.6267
30768.0000 1043 653 0.6261
30769.8000 1043 654 0.6270
30786.3000 1043 655 0.6280
30797.0000 1044 655 0.6274
30798.9000 1044 656 0.6284
30818.8000 1044 657 0.6293
30820.4000 1044 658 0.6303
30828.0000 1045 658 0.6297
30845.7000 1045 659 0.6306
30859.0000 1046 659 0.6300
30888.0000 1047 659 0.6294
30920.0000 1048 659 0.6288
30921.6000 1048 660 0.6298
30946.0000 1049 660 0.6292
30978.0000 1050 660 0.6286
30978.8000 1050 661 0.6295
30982.0000 1050 662 0.6305
31005.0000 1051 662 0.6299
31009.9000 1051 663 0.6308
31015.2000 1051 664 0.6318
31031.0000 1052 664 0.6312
31034.3000 1052 665 0.6321
31058.0000 1053 665 0.6315
31091.0000 1054 665 0.6309
31118.2000 1054 666 0.6319
31119.0000 1055 666 0.6313
31148.0000 1056 666 0.6307
31159.6000 1056 667 0.6316
31177.0000 1057 667 0.6310
31208.0000 1058 667 0.6304
31225.7000 1058 668 0.6314
31233.2000 1058 669 0.6323
31239.6000 1058 670 0.6333
31242.0000 1059 670 0.6327
31264.6000 1059 671 0.6336
31274.0000 1060 671 0.6330
31279.1000 1060 672 0.6340
31280.9000 1060 673 0.6349
31283.3000 1060 674 0.6358
31299.0000 1061 674 0.6352
31325.0000 1062 674 0.6347
31356.2000 1062 675 0.6356
31357.0000 1063 675 0.6350
31384.9000 1063 676 0.6359
31391.0000 1064 676 0.6353
31399.9000 1064 677 0.6363
31418.0000 1065 677 0.6357
31449.4000 1065 678 0.6366
31451.0000 1066 678 0.6360
31485.0000 1067 678 0.6354
31510.0000 1068 678 0.6348
31530.2000 1068 679 0.6358
31536.0000 1069 679 0.6352
31569.0000 1070 679 0.6346
31599.0000 1071 679 0.6340
31617.4000 1071 680 0.6349
31624.0000 1072 680 0.6343
31627.2000 1072 681 0.6353
31634.8000 1072 682 0.6362
31639.7000 1072 683 0.6371
31650.0000 1073 683 0.6365
31683.6000 1073 684 0.6375
31684.0000 1074 684 0.6369
31710.0000 1075 684 0.6363
31725.8000 1075 685 0.6372
31740.0000 1076 685 0.6366
31761.9000 1076 686 0.6375
31773.0000 1077 686 0.6370
31799.0000 1078 686 0.6364
31817.9000 1078 687 0.6373
31832.0000 1079 687 0.6367
31836.0000 1079 688 0.6376
31857.0000 1080 688 0.6370
31882.0000 1081 688 0.6364
31912.0000 1082 688 0.6359
31942.0000 1083 688 0.6353
31957.4000 1083 689 0.6362
31960.8000 1083 690 0.6371
31973.0000 1084 690 0.6365
31981.3000 1084 691 0.6375
31987.3000 1084 692 0.6384
31990.8000 1084 693 0.6393
31999.0000 1085 693 0.6387
32024.0000 1086 693 0.6381
32029.7000 1086 694 0.6390
32039.6000 1086 695 0.6400
32056.0000 1087 695 0.6394
32056.8000 1087 696 0.6403
32089.0000 1088 696 0.6397
32097.5000 1088 697 0.6406
32118.0000 1089 697 0.6400
32151.0000 1090 697 0.6394
32153.4000 1090 698 0.6404
32178.0000 1091 698 0.6398
32204.0000 1092 698 0.6392
32207.8000 1092 699 0.6401
32233.0000 1093 699 0.6395
32246.6000 1093 700 0.6404
32262.0000 1094 700 0.6399
32272.8000 1094 701 0.6408
32291.9000 1094 702 0.6417
32295.0000 1095 702 0.6411
32322.6000 1095 703 0.6420
32326.4000 1095 704 0.6429
32327.0000 1096 704 0.6423
32348.7000 1096 705 0.6432
32352.0000 1097 705 0.6427
32378.0000 1098 705 0.6421
32395.0000 1098 706 0.6430
32412.0000 1099 706 0.6424
32425.1000 1099 707 0.6433
32428.8000 1099 708 0.6442
32446.0000 1100 708 0.6436
32474.0000 1101 708 0.6431
32479.5000 1101 709 0.6440
32504.0000 1102 709 0.6434
32535.0000 1103 709 0.6428
32558.5000 1103 710 0.6437
32562.0000 1104 710 0.6431
32588.0000 1105 710 0.6425
32617.0000 1106 710 0.6420
32623.2000 1106 711 0.6429
32642.0000 1107 711 0.6423
32670.0000 1108 711 0.6417
32696.0000 1109 711 0.6411
32696.8000 1109 712 0.6420
32723.0000 1110 712 0.6414
32732.8000 1110 713 0.6423
32748.0000 1111 713 0.6418
32782.0000 1112 713 0.6412
32784.1000 1112 714 0.6421
32799.8000 1112 715 0.6430
32816.0000 1113 715 0.6424
32828.6000 1113 716 0.6433
32850.0000 1114 716 0.6427
32861.0000 1114 717 0.6436
32865.2000 1114 718 0.6445
32867.4000 1114 719 0.6454
32883.0000 1115 719 0.6448
32915.0000 1116 719 0.6443
32917.1000 1116 720 0.6452
32938.4000 1116 721 0.6461
32947.0000 1117 721 0.6455
32972.0000 1118 721 0.6449
32976.2000 1118 722 0.6458
32990.4000 1118 723 0.6467
33000.0000 1119 723 0.6461
33026.0000 1120 723 0.6455
33043.0000 1120 724 0.6464
33052.0000 1121 724 0.6459
33067.0000 1121 725 0.6467
33085.0000 1122 725 0.6462
33086.5000 1122 726 0.6471
33110.0000 1123 726 0.6465
33116.8000 1123 727 0.6474
33135.0000 1124 727 0.6468
33159.1000 1124 728 0.6477
33167.0000 1125 728 0.6471
33168.6000 1125 729 0.6480
33188.8000 1125 730 0.6489
33192.0000 1126 730 0.6483
33218.3000 1126 731 0.6492
33219.0000 1127 731 0.6486
33220.0000 1127 732 0.6495
33243.2000 1127 733 0.6504
33246.0000 1128 733 0.6498
33277.0000 1129 733 0.6492
33300.1000 1129 734 0.6501
33303.0000 1130 734 0.6496
33303.2000 1130 735 0.6504
33329.0000 1131 735 0.6499
33341.7000 1131 736 0.6508
33358.0000 1132 736 0.6502
33384.0000 1133 736 0.6496
33385.1000 1133 737 0.6505
33385.6000 1133 738 0.6514
33400.0000 1133 739 0.6523
33403.6000 1133 740 0.6531
33414.0000 1134 740 0.6526
33421.9000 1134 741 0.6534
33446.0000 1135 741 0.6529
33448.5000 1135 742 0.6537
33453.2000 1135 743 0.6546
33454.9000 1135 744 0.6555
33473.0000 1136 744 0.6549
33484.3000 1136 745 0.6558
33501.0000 1137 745 0.6552
33532.0000 1138 745 0.6547
33556.3000 1138 746 0.6555
33557.0000 1139 746 0.6550
33586.0000 1140 746 0.6544
33611.0000 1141 746 0.6538
33616.8000 1141 747 0.6547
33617.7000 1141 748 0.6556
33637.0000 1142 748 0.6550
33663.0000 1143 748 0.6544
33694.0000 1144 748 0.6538
33722.2000 1144 749 0.6547
33728.0000 1145 749 0.6541
33757.0000 1146 749 0.6536
33786.0000 1147 749 0.6530
33817.0000 1148 749 0.6524
33844.0000 1149 749 0.6519
33865.1000 1149 750 0.6527
33874.0000 1150 750 0.6522
33874.7000 1150 751 0.6530
33902.0000 1151 751 0.6525
33905.5000 1151 752 0.6533
33915.7000 1151 753 0.6542
33935.0000 1152 753 0.6536
33962.0000 1152 754 0.6545
33963.8000 1152 755 0.6554
33968.0000 1153 755 0.6548
33980.1000 1153 756 0.6557
33987.1000 1153 757 0.6565
34000.0000 1154 757 0.6560
34031.0000 1155 757 0.6554
34051.1000 1155 758 0.6563
34058.0000 1155 759 0.6571
34065.0000 1156 759 0.6566
34075.0000 1156 760 0.6574
34094.0000 1157 760 0.6569
34095.2000 1157 761 0.6577
34116.2000 1157 762 0.6586
34122.6000 1157 763 0.6595
34124.0000 1158 763 0.6589
34126.2000 1158 764 0.6598
34133.4000 1158 765 0.6606
34134.8000 1158 766 0.6615
34134.9000 1158 767 0.6623
34151.4000 1158 768 0.6632
34157.0000 1159 768 0.6626
34181.9000 1159 769 0.6635
34183.0000 1160 769 0.6629
34188.8000 1160 770 0.6638
34215.0000 1161 770 0.6632
34243.8000 1161 771 0.6641
34247.0000 1162 771 0.6635
34273.5000 1162 772 0.6644
34276.0000 1163 772 0.6638
34305.0000 1164 772 0.6632
34326.1000 1164 773 0.6641
34339.0000 1165 773 0.6635
34367.0000 1166 773 0.6630
34399.0000 1167 773 0.6624
34432.0000 1168 773 0.6618
34461.0000 1169 773 0.6612
34476.8000 1169 774 0.6621
34492.0000 1170 774 0.6615
34507.5000 1170 775 0.6624
34522.0000 1171 775 0.6618
34554.0000 1172 775 0.6613
34580.0000 1173 775 0.6607
34603.7000 1173 776 0.6616
34614.0000 1174 776 0.6610
34641.0000 1175 776 0.6604
34673.0000 1176 776 0.6599
34690.4000 1176 777 0.6607
34705.0000 1177 777 0.6602
34732.0000 1178 777 0.6596
34734.9000 1178 778 0.6604
34737.6000 1178 779 0.6613
34765.0000 1179 779 0.6607
34779.0000 1179 780 0.6616
34796.0000 1180 780 0.6610
34826.0000 1181 780 0.6605
34857.0000 1182 780 0.6599
34886.0000 1183 780 0.6593
34891.0000 1183 781 0.6602
34915.0000 1184 781 0.6596
34941.3000 1184 782 0.6605
34946.0000 1185 782 0.6599
34973.0000 1186 782 0.6594
35000.0000 1187 782 0.6588
35032.0000 1188 782 0.6582
35057.5000 1188 783 0.6591
35059.0000 1189 783 0.6585
35067.9000 1189 784 0.6594
35078.2000 1189 785 0.6602
35084.2000 1189 786 0.6611
35091.0000 1190 786 0.6605
35112.7000 1190 787 0.6613
35121.0000 1191 787 0.6608
35132.2000 1191 788 0.6616
35150.0000 1192 788 0.6611
35157.3000 1192 789 0.6619
35182.0000 1193 789 0.6614
35207.0000 1194 789 0.6608
35236.0000 1195 789 0.6603
35264.0000 1196 789 0.6597
35275.2000 1196 790 0.6605
35298.0000 1196 791 0.6614
35298.0000 1197 791 0.6608
35310.6000 1197 792 0.6617
35313.8000 1197 793 0.6625
35315.9000 1197 794 0.6633
35322.0000 1197 795 0.6642
35332.0000 1198 795 0.6636
35334.8000 1198 796 0.6644
35342.9000 1198 797 0.6653
35358.0000 1199 797 0.6647
35370.3000 1199 798 0.6656
35388.0000 1200 798 0.6650
35395.8000 1200 799 0.6658
35417.0000 1201 799 0.6653
35444.0000 1202 799 0.6647
35470.0000 1203 799 0.6642
35496.8000 1203 800 0.6650
35497.0000 1204 800 0.6645
35502.2000 1204 801 0.6653
35506.5000 1204 802 0.6661
35531.0000 1205 802 0.6656
35558.0000 1206 802 0.6650
35583.0000 1207 802 0.6645
35608.0000 1208 802 0.6639
35633.0000 1209 802 0.6634
35663.0000 1210 802 0.6628
35686.7000 1210 803 0.6636
35694.0000 1211 803 0.6631
35728.0000 1212 803 0.6625
35730.5000 1212 804 0.6634
35752.3000 1212 805 0.6642
35754.0000 1213 805 0.6636
35779.0000 1214 805 0.6631
35808.0000 1215 805 0.6626
35829.6000 1215 806 0.6634
35834.0000 1216 806 0.6628
35865.0000 1217 806 0.6623
35876.6000 1217 807 0.6631
35891.0000 1218 807 0.6626
35911.6000 1218 808 0.6634
35924.0000 1219 808 0.6628
35951.5000 1219 809 0.6637
35956.2000 1219 810 0.6645
35957.0000 1220 810 0.6639
35968.6000 1220 811 0.6648
35980.7000 1220 812 0.6656
35985.0000 1221 812 0.6650
36011.0000 1222 812 0.6645
36044.0000 1223 812 0.6639
36050.4000 1223 813 0.6648
36077.0000 1224 813 0.6642
36110.0000 1225 813 0.6637
36127.7000 1225 814 0.6645
36131.5000 1225 815 0.6653
36137.0000 1226 815 0.6648
36149.4000 1226 816 0.6656
36169.0000 1227 816 0.6650
36199.0000 1228 816 0.6645
36225.0000 1229 816 0.6640
36228.9000 1229 817 0.6648
36251.0000 1230 817 0.6642
36284.0000 1231 817 0.6637
36306.0000 1231 818 0.6645
36318.0000 1232 818 0.6640
36329.9000 1232 819 0.6648
36349.0000 1233 819 0.6642
36353.9000 1233 820 0.6650
36364.0000 1233 821 0.6659
36375.0000 1234 821 0.6653
36380.5000 1234 822 0.6661
36405.0000 1235 822 0.6656
36433.0000 1236 822 0.6650
36446.0000 1236 823 0.6659
36460.0000 1237 823 0.6653
36489.0000 1238 823 0.6648
36512.2000 1238 824 0.6656
36521.0000 1239 824 0.6651
36552.0000 1240 824 0.6645
36585.0000 1241 824 0.6640
36608.9000 1241 825 0.6648
36614.0000 1242 825 0.6643
36643.0000 1243 825 0.6637
36676.0000 1244 825 0.6632
36679.3000 1244 826 0.6640
36710.0000 1245 826 0.6635
36739.0000 1246 826 0.6629
36744.0000 1246 827 0.6637
36750.2000 1246 828 0.6645
36754.7000 1246 829 0.6653
36764.0000 1247 829 0.6648
36794.0000 1248 829 0.6643
36821.0000 1249 829 0.6637
36852.0000 1250 829 0.6632
36877.0000 1251 829 0.6627
36877.9000 1251 830 0.6635
36904.0000 1252 830 0.6629
36910.3000 1252 831 0.6637
36924.8000 1252 832 0.6645
36925.8000 1252 833 0.6653
36931.0000 1253 833 0.6648
36951.3000 1253 834 0.6656
36959.9000 1253 835 0.6664
36961.0000 1254 835 0.6659
36962.3000 1254 836 0.6667
36971.0000 1254 837 0.6675
36986.5000 1254 838 0.6683
36987.1000 1254 839 0.6691
36993.0000 1255 839 0.6685
37018.0000 1256 839 0.6680
37049.0000 1257 839 0.6675
37077.0000 1258 839 0.6669
37077.4000 1258 840 0.6677
37103.0000 1259 840 0.6672
37131.2000 1259 841 0.6680
37132.0000 1260 841 0.6675
37155.9000 1260 842 0.6683
37157.0000 1261 842 0.6677
37167.2000 1261 843 0.6685
37185.0000 1262 843 0.6680
37208.6000 1262 844 0.6688
37212.9000 1262 845 0.6696
37217.0000 1263 845 0.6690
37247.0000 1264 845 0.6685
37275.0000 1265 845 0.6680
37303.0000 1266 845 0.6675
37304.9000 1266 846 0.6682
37324.3000 1266 847 0.6690
37326.0000 1266 848 0.6698
37333.2000 1266 849 0.6706
37334.0000 1267 849 0.6701
37362.0000 1268 849 0.6696
37365.2000 1268 850 0.6703
37390.0000 1269 850 0.6698
37397.8000 1269 851 0.6706
37423.0000 1270 851 0.6701
37429.4000 1270 852 0.6709
37431.8000 1270 853 0.6717
37450.0000 1271 853 0.6711
37484.0000 1272 853 0.6706
37498.0000 1272 854 0.6714
37515.0000 1273 854 0.6709
37532.3000 1273 855 0.6716
37549.0000 1274 855 0.6711
37558.9000 1274 856 0.6719
37574.0000 1275 856 0.6714
37600.0000 1276 856 0.6708
37629.0000 1277 856 0.6703
37656.0000 1278 856 0.6698
37682.0000 1279 856 0.6693
37707.0000 1280 856 0.6688
37740.0000 1281 856 0.6682
37773.0000 1282 856 0.6677
37805.0000 1283 856 0.6672
37811.4000 1283 857 0.6680
37834.0000 1284 857 0.6674
37840.0000 1284 858 0.6682
37859.0000 1285 858 0.6677
37884.0000 1286 858 0.6672
37910.0000 1287 858 0.6667
37935.0000 1288 858 0.6661
37962.3000 1288 859 0.6669
37969.0000 1289 859 0.6664
37996.0000 1290 859 0.6659
38028.0000 1291 859 0.6654
38059.0000 1292 859 0.6649
38076.0000 1292 860 0.6656
38076.1000 1292 861 0.6664
38093.0000 1293 861 0.6659
38098.3000 1293 862 0.6667
38124.0000 1294 862 0.6662
38138.7000 1294 863 0.6669
38154.0000 1295 863 0.6664
38157.4000 1295 864 0.6672
38187.0000 1296 864 0.6667
38217.0000 1297 864 0.6662
38230.3000 1297 865 0.6669
38247.0000 1298 865 0.6664
38271.1000 1298 866 0.6672
38280.0000 1299 866 0.6667
38296.0000 1299 867 0.6674
38313.0000 1300 867 0.6669
38313.7000 1300 868 0.6677
38329.2000 1300 869 0.6685
38347.0000 1301 869 0.6679
38358.8000 1301 870 0.6687
38378.0000 1302 870 0.6682
38405.0000 1303 870 0.6677
38407.9000 1303 871 0.6685
38437.0000 1304 871 0.6679
38469.0000 1305 871 0.6674
38494.0000 1306 871 0.6669
38519.0000 1307 871 0.6664
38551.0000 1308 871 0.6659
38573.2000 1308 872 0.6667
38577.0000 1309 872 0.6662
38590.1000 1309 873 0.6669
38605.0000 1310 873 0.6664
38634.0000 1311 873 0.6659
38664.0000 1312 873 0.6654
38672.7000 1312 874 0.6662
38674.1000 1312 875 0.6669
38696.0000 1313 875 0.6664
38722.0000 1314 875 0.6659
38754.0000 1315 875 0.6654
38780.0000 1316 875 0.6649
38807.0000 1317 875 0.6644
38810.1000 1317 876 0.6651
38811.7000 1317 877 0.6659
38834.0000 1318 877 0.6654
38864.0000 1319 877 0.6649
38884.7000 1319 878 0.6657
38891.0000 1320 878 0.6652
38917.9000 1320 879 0.6659
38920.0000 1321 879 0.6654
38927.7000 1321 880 0.6662
38930.3000 1321 881 0.6669
38949.0000 1322 881 0.6664
38976.0000 1323 881 0.6659
38979.5000 1323 882 0.6667
39001.0000 1324 882 0.6662
39010.7000 1324 883 0.6669
39026.0000 1325 883 0.6664
39034.8000 1325 884 0.6672
39052.0000 1325 885 0.6679
39060.0000 1326 885 0.6674
39092.0000 1327 885 0.6669
39102.3000 1327 886 0.6677
39119.0000 1328 886 0.6672
39120.3000 1328 887 0.6679
39146.6000 1328 888 0.6687
39147.0000 1329 888 0.6682
39163.9000 1329 889 0.6689
39173.3000 1329 890 0.6697
39180.0000 1330 890 0.6692
39203.9000 1330 891 0.6699
39210.0000 1331 891 0.6694
39236.0000 1332 891 0.6689
39263.0000 1333 891 0.6684
39288.0000 1334 891 0.6679
39322.0000 1335 891 0.6674
39347.0000 1336 891 0.6669
39380.0000 1337 891 0.6664
39400.0000 1337 892 0.6672
39413.0000 1338 892 0.6667
39439.6000 1338 893 0.6674
39445.4000 1338 894 0.6682
39447.0000 1339 894 0.6677
39462.5000 1339 895 0.6684
39481.0000 1340 895 0.6679
39515.0000 1341 895 0.6674
39543.0000 1342 895 0.6669
39577.0000 1343 895 0.6664
39586.0000 1343 896 0.6672
39607.0000 1344 896 0.6667
39636.0000 1345 896 0.6662
39637.6000 1345 897 0.6669
39652.8000 1345 898 0.6677
39669.0000 1346 898 0.6672
39695.0000 1347 898 0.6667
39698.2000 1347 899 0.6674
39706.3000 1347 900 0.6682
39708.3000 1347 901 0.6689
39726.0000 1348 901 0.6684
39756.0000 1349 901 0.6679
39782.0000 1350 901 0.6674
39802.4000 1350 902 0.6681
39813.0000 1351 902 0.6677
39841.0000 1352 902 0.6672
39871.0000 1353 902 0.6667
39904.0000 1354 902 0.6662
39930.0000 1355 902 0.6657
39955.0000 1356 902 0.6652
39980.0000 1357 902 0.6647
40010.0000 1358 902 0.6642
40040.0000 1359 902 0.6637
40052.5000 1359 903 0.6645
40067.0000 1359 904 0.6652
40067.0000 1360 904 0.6647
40098.0000 1361 904 0.6642
40132.0000 1362 904 0.6637
40163.0000 1363 904 0.6632
40197.0000 1364 904 0.6628
40231.0000 1365 904 0.6623
40257.0000 1366 904 0.6618
40277.7000 1366 905 0.6625
40288.0000 1367 905 0.6620
40303.7000 1367 906 0.6628
40314.0000 1368 906 0.6623
40325.0000 1368 907 0.6630
40330.8000 1368 908 0.6637
40333.3000 1368 909 0.6645
40336.3000 1368 910 0.6652
40339.8000 1368 911 0.6659
40340.0000 1369 911 0.6654
40370.0000 1370 911 0.6650
40404.0000 1371 911 0.6645
40433.0000 1372 911 0.6640
40459.0000 1373 911 0.6635
40468.1000 1373 912 0.6642
40485.0000 1374 912 0.6638
40486.4000 1374 913 0.6645
40503.1000 1374 914 0.6652
40519.0000 1375 914 0.6647
40533.6000 1375 915 0.6655
40546.0000 1376 915 0.6650
40580.0000 1377 915 0.6645
40599.3000 1377 916 0.6652
40611.6000 1377 917 0.6659
40613.0000 1378 917 0.6655
40638.6000 1378 918 0.6662
40642.0000 1379 918 0.6657
40660.0000 1379 919 0.6664
40666.3000 1379 920 0.6672
40671.0000 1380 920 0.6667
40674.0000 1380 921 0.6674
40704.0000 1381 921 0.6669
40719.1000 1381 922 0.6676
40731.0000 1382 922 0.6671
40761.0000 1383 922 0.6667
40791.0000 1384 922 0.6662
40802.3000 1384 923 0.6669
40817.0000 1385 923 0.6664
40843.0000 1386 923 0.6659
40847.0000 1386 924 0.6667
40877.0000 1387 924 0.6662
40907.0000 1388 924 0.6657
40921.9000 1388 925 0.6664
40924.2000 1388 926 0.6671
40929.9000 1388 927 0.6679
40935.0000 1389 927 0.6674
40948.2000 1389 928 0.6681
40951.8000 1389 929 0.6688
40969.0000 1390 929 0.6683
40999.0000 1391 929 0.6679
41030.0000 1392 929 0.6674
41058.2000 1392 930 0.6681
41060.0000 1393 930 0.6676
41069.6000 1393 931 0.6683
41092.0000 1394 931 0.6679
41122.0000 1395 931 0.6674
41134.9000 1395 932 0.6681
41154.0000 1396 932 0.6676
41182.0000 1397 932 0.6671
41187.5000 1397 933 0.6679
41209.0000 1398 933 0.6674
41235.0000 1399 933 0.6669
41263.0000 1400 933 0.6664
41292.0000 1401 933 0.6660
41293.2000 1401 934 0.6667
41293.9000 1401 935 0.6674
41307.8000 1401 936 0.6681
41317.0000 1402 936 0.6676
41322.5000 1402 937 0.6683
41337.2000 1402 938 0.6690
41341.3000 1402 939 0.6698
41347.0000 1403 939 0.6693
41373.9000 1403 940 0.6700
41375.0000 1404 940 0.6695
41398.8000 1404 941 0.6702
41399.1000 1404 942 0.6709
41400.0000 1405 942 0.6705
41403.0000 1405 943 0.6712
41405.7000 1405 944 0.6719
41434.0000 1406 944 0.6714
41434.9000 1406 945 0.6721
41448.5000 1406 946 0.6728
41459.0000 1407 946 0.6724
41486.0000 1408 946 0.6719
41488.4000 1408 947 0.6726
41496.8000 1408 948 0.6733
41513.0000 1409 948 0.6728
41513.5000 1409 949 0.6735
41546.0000 1410 949 0.6730
41554.4000 1410 950 0.6738
41578.0000 1411 950 0.6733
41580.5000 1411 951 0.6740
41608.0000 1412 951 0.6735
41633.0000 1413 951 0.6730
41644.3000 1413 952 0.6737
41653.9000 1413 953 0.6745
41666.0000 1414 953 0.6740
41666.1000 1414 954 0.6747
41697.0000 1415 954 0.6742
41706.8000 1415 955 0.6749
41727.0000 1416 955 0.6744
41731.8000 1416 956 0.6751
41736.3000 1416 957 0.6758
41752.8000 1416 958 0.6766
41757.0000 1417 958 0.6761
41788.0000 1418 958 0.6756
41808.8000 1418 959 0.6763
41816.0000 1419 959 0.6758
41842.0000 1420 959 0.6754
41861.6000 1420 960 0.6761
41871.0000 1421 960 0.6756
41874.6000 1421 961 0.6763
41883.4000 1421 962 0.6770
41896.0000 1422 962 0.6765
41908.7000 1422 963 0.6772
41915.0000 1422 964 0.6779
41917.6000 1422 965 0.6786
41921.0000 1423 965 0.6781
41935.3000 1423 966 0.6788
41940.9000 1423 967 0.6796
41949.0000 1424 967 0.6791
41950.7000 1424 968 0.6798
41980.0000 1425 968 0.6793
41985.8000 1425 969 0.6800
42013.0000 1426 969 0.6795
42040.0000 1427 969 0.6790
42063.3000 1427 970 0.6797
42074.0000 1428 970 0.6793
42102.0000 1429 970 0.6788
42135.0000 1430 970 0.6783
42149.1000 1430 971 0.6790
42167.0000 1431 971 0.6785
42184.6000 1431 972 0.6792
42193.0000 1432 972 0.6788
42226.0000 1433 972 0.6783
42258.0000 1434 972 0.6778
42258.8000 1434 973 0.6785
42272.1000 1434 974 0.6792
42286.0000 1435 974 0.6787
42287.1000 1435 975 0.6794
42320.0000 1436 975 0.6790
42332.5000 1436 976 0.6797
42354.0000 1437 976 0.6792
42354.4000 1437 977 0.6799
42381.0000 1438 977 0.6794
42409.0000 1439 977 0.6789
42426.6000 1439 978 0.6796
42426.8000 1439 979 0.6803
42440.0000 1440 979 0.6799
42465.0000 1441 979 0.6794
42479.0000 1441 980 0.6801
42490.0000 1442 980 0.6796
42521.0000 1443 980 0.6791
42525.1000 1443 981 0.6798
42527.8000 1443 982 0.6805
42549.0000 1444 982 0.6801
42558.4000 1444 983 0.6807
42577.0000 1445 983 0.6803
42604.0000 1446 983 0.6798
42630.0000 1447 983 0.6793
42651.6000 1447 984 0.6800
42654.4000 1447 985 0.6807
42657.8000 1447 986 0.6814
42662.0000 1448 986 0.6809
42695.0000 1449 986 0.6805
42725.0000 1450 986 0.6800
42754.0000 1451 986 0.6795
42780.7000 1451 987 0.6802
42784.0000 1452 987 0.6798
42787.4000 1452 988 0.6804
42797.7000 1452 989 0.6811
42812.0000 1453 989 0.6807
42831.9000 1453 990 0.6813
42846.0000 1454 990 0.6809
42878.0000 1455 990 0.6804
42887.4000 1455 991 0.6811
42890.3000 1455 992 0.6818
42904.4000 1455 993 0.6825
42910.0000 1456 993 0.6820
42930.8000 1456 994 0.6827
42937.0000 1457 994 0.6822
42941.0000 1457 995 0.6829
42964.0000 1458 995 0.6824
42989.0000 1459 995 0.6820
43023.0000 1460 995 0.6815
43025.5000 1460 996 0.6822
43052.0000 1461 996 0.6817
43086.0000 1462 996 0.6813
43116.0000 1463 996 0.6808
43141.0000 1464 996 0.6803
43170.0000 1465 996 0.6799
43198.0000 1466 996 0.6794
