# time  created  delivered  delivered/created
33.0000 1 0 0.0000
62.0000 2 0 0.0000
93.0000 3 0 0.0000
119.0000 4 0 0.0000
147.0000 5 0 0.0000
173.0000 6 0 0.0000
200.0000 7 0 0.0000
226.0000 8 0 0.0000
251.0000 9 0 0.0000
281.0000 10 0 0.0000
309.0000 11 0 0.0000
337.0000 12 0 0.0000
364.0000 13 0 0.0000
394.0000 14 0 0.0000
420.0000 15 0 0.0000
446.0000 16 0 0.0000
474.0000 17 0 0.0000
499.0000 18 0 0.0000
527.0000 19 0 0.0000
557.0000 20 0 0.0000
583.0000 21 0 0.0000
611.0000 22 0 0.0000
640.0000 23 0 0.0000
673.0000 24 0 0.0000
704.0000 25 0 0.0000
729.0000 26 0 0.0000
756.0000 27 0 0.0000
782.0000 28 0 0.0000
809.0000 29 0 0.0000
837.0000 30 0 0.0000
864.0000 31 0 0.0000
892.0000 32 0 0.0000
917.0000 33 0 0.0000
943.0000 34 0 0.0000
969.0000 35 0 0.0000
999.0000 36 0 0.0000
1024.0000 37 0 0.0000
1055.0000 38 0 0.0000
1080.0000 39 0 0.0000
1099.8000 39 1 0.0256
1105.0000 40 1 0.0250
1133.0000 41 1 0.0244
1161.0000 42 1 0.0238
1195.0000 43 1 0.0233
1222.0000 44 1 0.0227
1249.0000 45 1 0.0222
1283.0000 46 1 0.0217
1316.0000 47 1 0.0213
1350.0000 48 1 0.0208
1377.0000 49 1 0.0204
1410.0000 50 1 0.0200
1413.0000 50 2 0.0400
1440.0000 51 2 0.0392
1457.7000 51 3 0.0588
1474.0000 52 3 0.0577
1501.0000 53 3 0.0566
1534.0000 54 3 0.0556
1560.0000 55 3 0.0545
1591.0000 56 3 0.0536
1620.0000 57 3 0.0526
1646.0000 58 3 0.0517
1678.0000 59 3 0.0508
1703.9000 59 4 0.0678
1712.0000 60 4 0.0667
1738.0000 61 4 0.0656
1760.6000 61 5 0.0820
1769.0000 62 5 0.0806
1800.0000 63 5 0.0794
1805.6000 63 6 0.0952
1826.0000 64 6 0.0938
1852.0000 65 6 0.0923
1883.0000 66 6 0.0909
1908.0000 67 6 0.0896
1939.0000 68 6 0.0882
1966.0000 69 6 0.0870
1997.0000 70 6 0.0857
2027.0000 71 6 0.0845
2059.0000 72 6 0.0833
2088.0000 73 6 0.0822
2118.0000 74 6 0.0811
2146.0000 75 6 0.0800
2171.0000 76 6 0.0789
2204.0000 77 6 0.0779
2230.0000 78 6 0.0769
2247.1000 78 7 0.0897
2257.0000 79 7 0.0886
2287.0000 80 7 0.0875
2306.9000 80 8 0.1000
2316.0000 81 8 0.0988
2316.3000 81 9 0.1111
2346.0000 82 9 0.1098
2368.1000 82 10 0.1220
2371.0000 83 10 0.1205
2405.0000 84 10 0.1190
2431.0000 85 10 0.1176
2459.0000 86 10 0.1163
2487.4000 86 11 0.1279
2490.0000 87 11 0.1264
2494.3000 87 12 0.1379
2522.0000 88 12 0.1364
2553.0000 89 12 0.1348
2565.6000 89 13 0.1461
2582.0000 90 13 0.1444
2609.0000 91 13 0.1429
2636.0000 92 13 0.1413
2666.0000 93 13 0.1398
2676.7000 93 14 0.1505
2693.0000 94 14 0.1489
2721.0000 95 14 0.1474
2755.0000 96 14 0.1458
2784.0000 97 14 0.1443
2815.0000 98 14 0.1429
2834.4000 98 15 0.1531
2842.5000 98 16 0.1633
2849.0000 99 16 0.1616
2880.0000 100 16 0.1600
2897.6000 100 17 0.1700
2910.0000 101 17 0.1683
2941.0000 102 17 0.1667
2945.5000 102 18 0.1765
2956.3000 102 19 0.1863
2969.0000 103 19 0.1845
3003.0000 104 19 0.1827
3032.0000 105 19 0.1810
3064.0000 106 19 0.1792
3093.0000 107 19 0.1776
3122.0000 108 19 0.1759
3154.7000 108 20 0.1852
3156.0000 109 20 0.1835
3183.0000 110 20 0.1818
3190.5000 110 21 0.1909
3210.0000 111 21 0.1892
3240.0000 112 21 0.1875
3261.6000 112 22 0.1964
3269.0000 113 22 0.1947
3298.0000 114 22 0.1930
3325.0000 115 22 0.1913
3350.0000 116 22 0.1897
3350.5000 116 23 0.1983
3372.5000 116 24 0.2069
3384.0000 117 24 0.2051
3417.0000 118 24 0.2034
3442.0000 119 24 0.2017
3448.7000 119 25 0.2101
3461.0000 119 26 0.2185
3469.0000 120 26 0.2167
3497.0000 121 26 0.2149
3522.0000 122 26 0.2131
3551.3000 122 27 0.2213
3552.0000 123 27 0.2195
3581.0000 124 27 0.2177
3607.0000 125 27 0.2160
3621.3000 125 28 0.2240
3632.3000 125 29 0.2320
3632.8000 125 30 0.2400
3636.0000 126 30 0.2381
3670.0000 127 30 0.2362
3696.0000 128 30 0.2344
3724.0000 129 30 0.2326
3758.0000 130 30 0.2308
3786.1000 130 31 0.2385
3790.0000 131 31 0.2366
3793.8000 131 32 0.2443
3815.0000 132 32 0.2424
3843.0000 133 32 0.2406
3858.6000 133 33 0.2481
3872.2000 133 34 0.2556
3875.0000 134 34 0.2537
3903.0000 135 34 0.2519
3935.0000 136 34 0.2500
3960.0000 137 34 0.2482
3992.0000 138 34 0.2464
4026.0000 139 34 0.2446
4047.8000 139 35 0.2518
4054.0000 140 35 0.2500
4088.0000 141 35 0.2482
4120.0000 142 35 0.2465
4147.0000 143 35 0.2448
4178.0000 144 35 0.2431
4206.0000 145 35 0.2414
4235.0000 146 35 0.2397
4263.0000 147 35 0.2381
4289.7000 147 36 0.2449
4291.0000 148 36 0.2432
4323.0000 149 36 0.2416
4353.0000 150 36 0.2400
4364.1000 150 37 0.2467
4367.1000 150 38 0.2533
4368.6000 150 39 0.2600
4380.0000 151 39 0.2583
4385.9000 151 40 0.2649
4409.0000 152 40 0.2632
4441.0000 153 40 0.2614
4472.0000 154 40 0.2597
4502.0000 155 40 0.2581
4520.5000 155 41 0.2645
4529.0000 156 41 0.2628
4559.0000 157 41 0.2611
4559.1000 157 42 0.2675
4593.0000 158 42 0.2658
4619.0000 159 42 0.2642
4647.0000 160 42 0.2625
4658.4000 160 43 0.2688
4672.2000 160 44 0.2750
4673.0000 161 44 0.2733
4691.4000 161 45 0.2795
4700.0000 162 45 0.2778
4731.0000 163 45 0.2761
4761.0000 164 45 0.2744
4762.8000 164 46 0.2805
4791.0000 165 46 0.2788
4824.0000 166 46 0.2771
4828.5000 166 47 0.2831
4854.0000 167 47 0.2814
4872.4000 167 48 0.2874
4883.0000 168 48 0.2857
4908.0000 169 48 0.2840
4936.2000 169 49 0.2899
4939.0000 170 49 0.2882
4967.0000 171 49 0.2865
4992.0000 172 49 0.2849
5020.0000 173 49 0.2832
5023.0000 173 50 0.2890
5046.0000 174 50 0.2874
5072.0000 175 50 0.2857
5105.0000 176 50 0.2841
5131.9000 176 51 0.2898
5134.0000 177 51 0.2881
5163.0000 178 51 0.2865
5189.9000 178 52 0.2921
5192.0000 179 52 0.2905
5203.3000 179 53 0.2961
5219.4000 179 54 0.3017
5222.0000 180 54 0.3000
5254.0000 181 54 0.2983
5286.0000 182 54 0.2967
5312.0000 183 54 0.2951
5345.0000 184 54 0.2935
5373.0000 185 54 0.2919
5407.0000 186 54 0.2903
5436.1000 186 55 0.2957
5438.0000 187 55 0.2941
5463.9000 187 56 0.2995
5465.0000 188 56 0.2979
5495.0000 189 56 0.2963
5524.0000 190 56 0.2947
5529.9000 190 57 0.3000
5535.3000 190 58 0.3053
5558.0000 191 58 0.3037
5562.5000 191 59 0.3089
5587.0000 192 59 0.3073
5594.3000 192 60 0.3125
5612.0000 193 60 0.3109
5644.0000 194 60 0.3093
5669.0000 195 60 0.3077
5700.0000 196 60 0.3061
5713.5000 196 61 0.3112
5732.0000 197 61 0.3096
5736.4000 197 62 0.3147
5763.0000 198 62 0.3131
5792.0000 199 62 0.3116
5819.0000 200 62 0.3100
5848.0000 201 62 0.3085
5873.0000 202 62 0.3069
5904.0000 203 62 0.3054
5912.8000 203 63 0.3103
5931.0000 204 63 0.3088
5957.0000 205 63 0.3073
5981.0000 205 64 0.3122
5990.0000 206 64 0.3107
5993.3000 206 65 0.3155
6020.0000 207 65 0.3140
6047.8000 207 66 0.3188
6053.0000 208 66 0.3173
6080.0000 209 66 0.3158
6110.0000 210 66 0.3143
6138.0000 211 66 0.3128
6166.0000 212 66 0.3113
6197.0000 213 66 0.3099
6197.2000 213 67 0.3146
6230.0000 214 67 0.3131
6256.7000 214 68 0.3178
6261.0000 215 68 0.3163
6290.0000 216 68 0.3148
6320.0000 217 68 0.3134
6321.7000 217 69 0.3180
6349.0000 218 69 0.3165
6380.0000 219 69 0.3151
6406.0000 220 69 0.3136
6415.6000 220 70 0.3182
6431.0000 221 70 0.3167
6456.0000 222 70 0.3153
6457.4000 222 71 0.3198
6487.0000 223 71 0.3184
6521.0000 224 71 0.3170
6553.0000 225 71 0.3156
6563.7000 225 72 0.3200
6579.0000 226 72 0.3186
6610.0000 227 72 0.3172
6637.0000 228 72 0.3158
6644.8000 228 73 0.3202
6646.5000 228 74 0.3246
6667.0000 229 74 0.3231
6699.0000 230 74 0.3217
6730.0000 231 74 0.3203
6731.5000 231 75 0.3247
6753.2000 231 76 0.3290
6757.0000 232 76 0.3276
6757.6000 232 77 0.3319
6772.2000 232 78 0.3362
6791.0000 233 78 0.3348
6797.6000 233 79 0.3391
6821.0000 234 79 0.3376
6840.1000 234 80 0.3419
6852.0000 235 80 0.3404
6879.0000 236 80 0.3390
6889.8000 236 81 0.3432
6906.0000 237 81 0.3418
6936.6000 237 82 0.3460
6939.0000 238 82 0.3445
6969.0000 239 82 0.3431
7003.0000 240 82 0.3417
7034.0000 241 82 0.3402
7067.0000 242 82 0.3388
7094.0000 243 82 0.3374
7125.0000 244 82 0.3361
7156.0000 245 82 0.3347
7189.0000 246 82 0.3333
7204.1000 246 83 0.3374
7222.0000 247 83 0.3360
7226.3000 247 84 0.3401
7232.8000 247 85 0.3441
7255.0000 248 85 0.3427
7259.2000 248 86 0.3468
7286.0000 249 86 0.3454
7293.1000 249 87 0.3494
7313.0000 250 87 0.3480
7344.0000 251 87 0.3466
7376.0000 252 87 0.3452
7404.0000 253 87 0.3439
7415.6000 253 88 0.3478
7435.0000 254 88 0.3465
7447.6000 254 89 0.3504
7463.0000 255 89 0.3490
7493.0000 256 89 0.3477
7524.0000 257 89 0.3463
7546.5000 257 90 0.3502
7554.0000 258 90 0.3488
7588.0000 259 90 0.3475
7613.0000 260 90 0.3462
7642.0000 261 90 0.3448
7651.1000 261 91 0.3487
7674.0000 262 91 0.3473
7677.8000 262 92 0.3511
7691.2000 262 93 0.3550
7692.0000 262 94 0.3588
7705.0000 263 94 0.3574
7713.1000 263 95 0.3612
7727.9000 263 96 0.3650
7736.0000 264 96 0.3636
7764.0000 265 96 0.3623
7791.0000 266 96 0.3609
7799.5000 266 97 0.3647
7818.0000 267 97 0.3633
7844.0000 268 97 0.3619
7875.0000 269 97 0.3606
7876.3000 269 98 0.3643
7902.0000 269 99 0.3680
7906.0000 270 99 0.3667
7931.0000 271 99 0.3653
7960.0000 272 99 0.3640
7990.0000 273 99 0.3626
8017.0000 274 99 0.3613
8046.0000 275 99 0.3600
8073.0000 276 99 0.3587
8097.3000 276 100 0.3623
8099.4000 276 101 0.3659
8102.0000 277 101 0.3646
8107.0000 277 102 0.3682
8133.0000 278 102 0.3669
8150.1000 278 103 0.3705
8159.0000 279 103 0.3692
8185.0000 280 103 0.3679
8211.0000 281 103 0.3665
8216.0000 281 104 0.3701
8244.0000 282 104 0.3688
8271.0000 283 104 0.3675
8299.0000 284 104 0.3662
8327.0000 285 104 0.3649
8340.7000 285 105 0.3684
8351.7000 285 106 0.3719
8359.0000 286 106 0.3706
8389.0000 287 106 0.3693
8419.0000 288 106 0.3681
8444.0000 289 106 0.3668
8471.0000 290 106 0.3655
8494.5000 290 107 0.3690
8500.0000 291 107 0.3677
8533.0000 292 107 0.3664
8550.0000 292 108 0.3699
8565.0000 293 108 0.3686
8595.0000 294 108 0.3673
8616.7000 294 109 0.3707
8628.0000 295 109 0.3695
8637.2000 295 110 0.3729
8645.0000 295 111 0.3763
8654.0000 296 111 0.3750
8683.0000 297 111 0.3737
8692.6000 297 112 0.3771
8708.0000 298 112 0.3758
8734.0000 299 112 0.3746
8754.0000 299 113 0.3779
8765.0000 300 113 0.3767
8795.0000 301 113 0.3754
8826.0000 302 113 0.3742
8854.0000 303 113 0.3729
8886.0000 304 113 0.3717
8893.8000 304 114 0.3750
8919.0000 305 114 0.3738
8950.0000 306 114 0.3725
8980.0000 307 114 0.3713
9007.0000 308 114 0.3701
9033.0000 309 114 0.3689
9060.0000 310 114 0.3677
9090.0000 311 114 0.3666
9120.0000 312 114 0.3654
9146.0000 313 114 0.3642
9161.1000 313 115 0.3674
9162.4000 313 116 0.3706
9174.0000 314 116 0.3694
9206.0000 315 116 0.3683
9238.0000 316 116 0.3671
9271.0000 317 116 0.3659
9274.4000 317 117 0.3691
9300.0000 318 117 0.3679
9308.6000 318 118 0.3711
9310.0000 318 119 0.3742
9330.0000 319 119 0.3730
9359.0000 320 119 0.3719
9391.0000 321 119 0.3707
9394.6000 321 120 0.3738
9416.0000 322 120 0.3727
9447.0000 323 120 0.3715
9470.7000 323 121 0.3746
9475.0000 324 121 0.3735
9503.0000 325 121 0.3723
9504.4000 325 122 0.3754
9516.7000 325 123 0.3785
9530.0000 326 123 0.3773
9560.0000 327 123 0.3761
9587.0000 328 123 0.3750
9613.0000 329 123 0.3739
9618.7000 329 124 0.3769
9626.3000 329 125 0.3799
9628.5000 329 126 0.3830
9635.1000 329 127 0.3860
9642.0000 330 127 0.3848
9644.3000 330 128 0.3879
9675.0000 331 128 0.3867
9706.0000 332 128 0.3855
9735.7000 332 129 0.3886
9739.0000 333 129 0.3874
9772.0000 334 129 0.3862
9796.4000 334 130 0.3892
9805.0000 335 130 0.3881
9815.7000 335 131 0.3910
9833.0000 336 131 0.3899
9858.0000 337 131 0.3887
9867.7000 337 132 0.3917
9877.3000 337 133 0.3947
9892.0000 338 133 0.3935
9924.0000 339 133 0.3923
9949.0000 340 133 0.3912
9980.0000 341 133 0.3900
9997.0000 341 134 0.3930
10000.2000 341 135 0.3959
10006.0000 342 135 0.3947
10040.0000 343 135 0.3936
10071.0000 344 135 0.3924
10098.0000 345 135 0.3913
10126.0000 346 135 0.3902
10156.0000 347 135 0.3890
10165.2000 347 136 0.3919
10183.0000 348 136 0.3908
10199.1000 348 137 0.3937
10214.0000 349 137 0.3926
10246.0000 350 137 0.3914
10274.8000 350 138 0.3943
10276.3000 350 139 0.3971
10278.6000 350 140 0.4000
10279.0000 351 140 0.3989
10305.0000 352 140 0.3977
10338.0000 353 140 0.3966
10363.0000 354 140 0.3955
10388.0000 355 140 0.3944
10422.0000 356 140 0.3933
10454.0000 357 140 0.3922
10484.0000 358 140 0.3911
10512.0000 359 140 0.3900
10539.0000 360 140 0.3889
10573.0000 361 140 0.3878
10582.2000 361 141 0.3906
10606.0000 362 141 0.3895
10638.0000 363 141 0.3884
10663.0000 364 141 0.3874
10689.6000 364 142 0.3901
10695.0000 365 142 0.3890
10725.0000 366 142 0.3880
10751.0000 367 142 0.3869
10777.5000 367 143 0.3896
10782.0000 368 143 0.3886
10807.0000 369 143 0.3875
10823.5000 369 144 0.3902
10840.0000 370 144 0.3892
10872.0000 371 144 0.3881
10906.0000 372 144 0.3871
10909.9000 372 145 0.3898
10934.0000 373 145 0.3887
10965.1000 373 146 0.3914
10966.0000 374 146 0.3904
10993.0000 375 146 0.3893
11015.1000 375 147 0.3920
11021.0000 376 147 0.3910
11052.0000 377 147 0.3899
11064.7000 377 148 0.3926
11079.0000 378 148 0.3915
11107.0000 379 148 0.3905
11136.0000 380 148 0.3895
11169.0000 381 148 0.3885
11201.0000 382 148 0.3874
11234.0000 383 148 0.3864
11236.2000 383 149 0.3890
11268.0000 384 149 0.3880
11275.4000 384 150 0.3906
11294.0000 385 150 0.3896
11321.0000 386 150 0.3886
11347.0000 387 150 0.3876
11375.6000 387 151 0.3902
11377.0000 388 151 0.3892
11408.0000 389 151 0.3882
11432.9000 389 152 0.3907
11434.0000 390 152 0.3897
11461.0000 391 152 0.3887
11487.0000 392 152 0.3878
11513.0000 393 152 0.3868
11547.0000 394 152 0.3858
11578.0000 395 152 0.3848
11593.5000 395 153 0.3873
11606.0000 396 153 0.3864
11631.0000 397 153 0.3854
11661.0000 398 153 0.3844
11693.0000 399 153 0.3835
11696.1000 399 154 0.3860
11727.0000 400 154 0.3850
11747.6000 400 155 0.3875
11761.0000 401 155 0.3865
11782.0000 401 156 0.3890
11793.0000 402 156 0.3881
11823.0000 403 156 0.3871
11845.5000 403 157 0.3896
11850.0000 404 157 0.3886
11851.4000 404 158 0.3911
11882.0000 405 158 0.3901
11888.1000 405 159 0.3926
11916.0000 406 159 0.3916
11942.0000 407 159 0.3907
11974.0000 408 159 0.3897
11975.6000 408 160 0.3922
11996.9000 408 161 0.3946
12002.5000 408 162 0.3971
12005.0000 409 162 0.3961
12005.3000 409 163 0.3985
12037.0000 410 163 0.3976
12071.0000 411 163 0.3966
12098.0000 412 163 0.3956
12126.0000 413 163 0.3947
12159.0000 414 163 0.3937
12168.6000 414 164 0.3961
12187.0000 415 164 0.3952
12217.0000 416 164 0.3942
12251.0000 417 164 0.3933
12254.1000 417 165 0.3957
12279.0000 418 165 0.3947
12308.0000 419 165 0.3938
12310.2000 419 166 0.3962
12341.0000 420 166 0.3952
12352.4000 420 167 0.3976
12368.1000 420 168 0.4000
12373.0000 421 168 0.3990
12399.0000 422 168 0.3981
12429.0000 423 168 0.3972
12440.2000 423 169 0.3995
12454.0000 424 169 0.3986
12460.5000 424 170 0.4009
12488.0000 425 170 0.4000
12514.0000 426 170 0.3991
12545.0000 427 170 0.3981
12564.2000 427 171 0.4005
12571.6000 427 172 0.4028
12574.0000 428 172 0.4019
12593.9000 428 173 0.4042
12603.0000 429 173 0.4033
12630.0000 430 173 0.4023
12655.0000 431 173 0.4014
12675.6000 431 174 0.4037
12682.0000 432 174 0.4028
12707.0000 433 174 0.4018
12740.0000 434 174 0.4009
12774.0000 435 174 0.4000
12782.3000 435 175 0.4023
12807.0000 436 175 0.4014
12823.9000 436 176 0.4037
12826.1000 436 177 0.4060
12836.0000 437 177 0.4050
12862.0000 438 177 0.4041
12888.0000 439 177 0.4032
12914.0000 440 177 0.4023
12939.0000 441 177 0.4014
12968.0000 442 177 0.4005
12985.5000 442 178 0.4027
12995.0000 443 178 0.4018
13026.0000 444 178 0.4009
13047.6000 444 179 0.4032
13053.0000 445 179 0.4022
13062.7000 445 180 0.4045
13078.1000 445 181 0.4067
13087.0000 446 181 0.4058
13120.0000 447 181 0.4049
13128.7000 447 182 0.4072
13153.0000 448 182 0.4063
13184.0000 449 182 0.4053
13187.0000 449 183 0.4076
13216.0000 450 183 0.4067
13246.0000 451 183 0.4058
13280.0000 452 183 0.4049
13312.0000 453 183 0.4040
13328.9000 453 184 0.4062
13345.0000 454 184 0.4053
13378.0000 455 184 0.4044
13406.0000 456 184 0.4035
13440.0000 457 184 0.4026
13445.2000 457 185 0.4048
13468.0000 458 185 0.4039
13479.0000 458 186 0.4061
13494.6000 458 187 0.4083
13495.0000 459 187 0.4074
13522.0000 460 187 0.4065
13527.6000 460 188 0.4087
13542.3000 460 189 0.4109
13554.0000 461 189 0.4100
13588.0000 462 189 0.4091
13604.2000 462 190 0.4113
13619.3000 462 191 0.4134
13621.0000 463 191 0.4125
13633.7000 463 192 0.4147
13634.0000 463 193 0.4168
13654.0000 464 193 0.4159
13679.0000 465 193 0.4151
13691.5000 465 194 0.4172
13712.0000 466 194 0.4163
13739.0000 467 194 0.4154
13764.0000 468 194 0.4145
13794.0000 469 194 0.4136
13811.8000 469 195 0.4158
13819.0000 470 195 0.4149
13851.0000 471 195 0.4140
13878.3000 471 196 0.4161
13884.0000 472 196 0.4153
13911.2000 472 197 0.4174
13915.0000 473 197 0.4165
13938.3000 473 198 0.4186
13938.7000 473 199 0.4207
13942.1000 473 200 0.4228
13945.0000 474 200 0.4219
13948.4000 474 201 0.4241
13974.0000 475 201 0.4232
13981.7000 475 202 0.4253
13984.9000 475 203 0.4274
14008.0000 476 203 0.4265
14018.4000 476 204 0.4286
14037.0000 477 204 0.4277
14063.0000 478 204 0.4268
14095.0000 479 204 0.4259
14121.0000 480 204 0.4250
14132.2000 480 205 0.4271
14151.0000 481 205 0.4262
14185.0000 482 205 0.4253
14195.4000 482 206 0.4274
14218.0000 483 206 0.4265
14248.0000 484 206 0.4256
14276.0000 485 206 0.4247
14283.6000 485 207 0.4268
14295.4000 485 208 0.4289
14308.0000 486 208 0.4280
14334.0000 487 208 0.4271
14342.4000 487 209 0.4292
14348.5000 487 210 0.4312
14360.0000 488 210 0.4303
14374.2000 488 211 0.4324
14389.0000 489 211 0.4315
14407.6000 489 212 0.4335
14418.0000 490 212 0.4327
14434.5000 490 213 0.4347
14436.5000 490 214 0.4367
14452.0000 491 214 0.4358
14481.0000 492 214 0.4350
14506.1000 492 215 0.4370
14514.0000 493 215 0.4361
14539.0000 494 215 0.4352
14570.0000 495 215 0.4343
14594.9000 495 216 0.4364
14598.0000 496 216 0.4355
14601.2000 496 217 0.4375
14625.4000 496 218 0.4395
14627.0000 497 218 0.4386
14654.0000 498 218 0.4378
14662.4000 498 219 0.4398
14679.0000 499 219 0.4389
14709.0000 500 219 0.4380
14716.1000 500 220 0.4400
14729.0000 500 221 0.4420
14736.0000 500 222 0.4440
14739.0000 501 222 0.4431
14770.0000 502 222 0.4422
14797.0000 503 222 0.4414
14831.0000 504 222 0.4405
14865.0000 505 222 0.4396
14885.5000 505 223 0.4416
14891.0000 506 223 0.4407
14918.0000 507 223 0.4398
14934.7000 507 224 0.4418
14951.9000 507 225 0.4438
14952.0000 508 225 0.4429
14956.1000 508 226 0.4449
14985.0000 509 226 0.4440
15013.0000 510 226 0.4431
15042.0000 511 226 0.4423
15049.7000 511 227 0.4442
15056.2000 511 228 0.4462
15072.0000 512 228 0.4453
15103.0000 513 228 0.4444
15131.0000 514 228 0.4436
15162.0000 515 228 0.4427
15178.1000 515 229 0.4447
15191.1000 515 230 0.4466
15192.0000 516 230 0.4457
15197.8000 516 231 0.4477
15212.4000 516 232 0.4496
15221.0000 517 232 0.4487
15222.8000 517 233 0.4507
15252.0000 518 233 0.4498
15267.4000 518 234 0.4517
15267.7000 518 235 0.4537
15278.4000 518 236 0.4556
15280.0000 519 236 0.4547
15308.6000 519 237 0.4566
15313.0000 520 237 0.4558
15346.0000 521 237 0.4549
15371.2000 521 238 0.4568
15373.8000 521 239 0.4587
15374.0000 522 239 0.4579
15405.0000 523 239 0.4570
15420.6000 523 240 0.4589
15422.4000 523 241 0.4608
15433.0000 524 241 0.4599
15452.9000 524 242 0.4618
15467.0000 525 242 0.4610
15497.0000 526 242 0.4601
15525.0000 527 242 0.4592
15552.0000 528 242 0.4583
15578.0000 529 242 0.4575
15604.0000 530 242 0.4566
15630.0000 531 242 0.4557
15645.9000 531 243 0.4576
15646.6000 531 244 0.4595
15658.0000 532 244 0.4586
15666.1000 532 245 0.4605
15688.0000 533 245 0.4597
15715.0000 534 245 0.4588
15749.0000 535 245 0.4579
15775.0000 536 245 0.4571
15808.0000 537 245 0.4562
15819.2000 537 246 0.4581
15840.0000 538 246 0.4572
15866.0000 539 246 0.4564
15900.0000 540 246 0.4556
15910.7000 540 247 0.4574
15934.0000 541 247 0.4566
15965.0000 542 247 0.4557
15992.0000 543 247 0.4549
15999.3000 543 248 0.4567
16000.1000 543 249 0.4586
16009.8000 543 250 0.4604
16021.0000 544 250 0.4596
16045.1000 544 251 0.4614
16046.0000 545 251 0.4606
16052.4000 545 252 0.4624
16071.0000 546 252 0.4615
16097.0000 547 252 0.4607
16123.0000 548 252 0.4599
16152.0000 549 252 0.4590
16176.9000 549 253 0.4608
16180.0000 550 253 0.4600
16199.1000 550 254 0.4618
16205.0000 551 254 0.4610
16207.5000 551 255 0.4628
16213.3000 551 256 0.4646
16233.0000 552 256 0.4638
16267.0000 553 256 0.4629
16290.3000 553 257 0.4647
16300.0000 554 257 0.4639
16305.6000 554 258 0.4657
16327.0000 555 258 0.4649
16333.8000 555 259 0.4667
16358.0000 556 259 0.4658
16361.0000 556 260 0.4676
16374.0000 556 261 0.4694
16388.0000 557 261 0.4686
16390.9000 557 262 0.4704
16420.0000 558 262 0.4695
16423.7000 558 263 0.4713
16432.6000 558 264 0.4731
16449.0000 559 264 0.4723
16480.0000 560 264 0.4714
16500.3000 560 265 0.4732
16507.8000 560 266 0.4750
16513.0000 561 266 0.4742
16546.0000 562 266 0.4733
16575.0000 563 266 0.4725
16609.0000 564 266 0.4716
16611.6000 564 267 0.4734
16620.3000 564 268 0.4752
16639.0000 565 268 0.4743
16668.0000 566 268 0.4735
16688.2000 566 269 0.4753
16698.0000 567 269 0.4744
16722.6000 567 270 0.4762
16728.0000 568 270 0.4754
16748.9000 568 271 0.4771
16755.0000 569 271 0.4763
16784.0000 570 271 0.4754
16813.0000 571 271 0.4746
16817.7000 571 272 0.4764
16846.0000 572 272 0.4755
16871.1000 572 273 0.4773
16872.0000 573 273 0.4764
16905.0000 574 273 0.4756
16931.0000 575 273 0.4748
16938.3000 575 274 0.4765
16962.0000 576 274 0.4757
16988.0000 577 274 0.4749
17017.0000 578 274 0.4740
17043.0000 579 274 0.4732
17077.0000 580 274 0.4724
17105.0000 581 274 0.4716
17132.0000 582 274 0.4708
17160.0000 583 274 0.4700
17189.0000 584 274 0.4692
17223.0000 585 274 0.4684
17240.8000 585 275 0.4701
17252.0000 586 275 0.4693
17280.0000 587 275 0.4685
17311.0000 588 275 0.4677
17333.5000 588 276 0.4694
17338.0000 589 276 0.4686
17367.2000 589 277 0.4703
17371.0000 590 277 0.4695
17400.0000 591 277 0.4687
17417.7000 591 278 0.4704
17431.0000 592 278 0.4696
17459.0000 593 278 0.4688
17479.3000 593 279 0.4705
17489.3000 593 280 0.4722
17490.2000 593 281 0.4739
17491.0000 594 281 0.4731
17496.6000 594 282 0.4747
17516.0000 595 282 0.4739
17526.9000 595 283 0.4756
17550.0000 596 283 0.4748
17554.4000 596 284 0.4765
17578.0000 597 284 0.4757
17607.0000 598 284 0.4749
17615.1000 598 285 0.4766
17619.1000 598 286 0.4783
17634.0000 599 286 0.4775
17665.0000 600 286 0.4767
17677.4000 600 287 0.4783
17693.0000 601 287 0.4775
17709.3000 601 288 0.4792
17714.8000 601 289 0.4809
17723.0000 602 289 0.4801
17725.1000 602 290 0.4817
17753.0000 603 290 0.4809
17769.6000 603 291 0.4826
17782.0000 604 291 0.4818
17812.8000 604 292 0.4834
17813.0000 605 292 0.4826
17837.3000 605 293 0.4843
17838.0000 606 293 0.4835
17865.0000 607 293 0.4827
17886.1000 607 294 0.4843
17898.0000 608 294 0.4836
17930.0000 609 294 0.4828
17959.0000 610 294 0.4820
17987.0000 611 294 0.4812
17987.8000 611 295 0.4828
18013.0000 612 295 0.4820
18046.0000 613 295 0.4812
18072.0000 613 296 0.4829
18073.0000 614 296 0.4821
18097.8000 614 297 0.4837
18100.0000 615 297 0.4829
18132.0000 616 297 0.4821
18146.1000 616 298 0.4838
18164.0000 617 298 0.4830
18193.0000 618 298 0.4822
18221.0000 619 298 0.4814
18245.8000 619 299 0.4830
18248.0000 620 299 0.4823
18282.0000 621 299 0.4815
18287.7000 621 300 0.4831
18294.0000 621 301 0.4847
18313.0000 622 301 0.4839
18345.0000 623 301 0.4831
18376.0000 624 301 0.4824
18396.8000 624 302 0.4840
18408.0000 625 302 0.4832
18442.0000 626 302 0.4824
18467.0000 627 302 0.4817
18483.0000 627 303 0.4833
18484.0000 627 304 0.4848
18484.3000 627 305 0.4864
18496.0000 628 305 0.4857
18497.0000 628 306 0.4873
18528.0000 629 306 0.4865
18559.0000 630 306 0.4857
18591.0000 631 306 0.4849
18625.0000 632 306 0.4842
18658.0000 633 306 0.4834
18660.2000 633 307 0.4850
18684.0000 634 307 0.4842
18711.0000 635 307 0.4835
18740.0000 636 307 0.4827
18766.0000 637 307 0.4819
18799.0000 638 307 0.4812
18815.0000 638 308 0.4828
18833.0000 639 308 0.4820
18867.0000 640 308 0.4813
18870.1000 640 309 0.4828
18896.0000 641 309 0.4821
18923.0000 642 309 0.4813
18926.8000 642 310 0.4829
18927.2000 642 311 0.4844
18950.0000 643 311 0.4837
18981.0000 644 311 0.4829
18988.2000 644 312 0.4845
19002.0000 644 313 0.4860
19015.0000 645 313 0.4853
19046.0000 646 313 0.4845
19071.0000 647 313 0.4838
19082.5000 647 314 0.4853
19101.0000 648 314 0.4846
19130.2000 648 315 0.4861
19131.5000 648 316 0.4877
19133.0000 649 316 0.4869
19146.2000 649 317 0.4884
19162.0000 650 317 0.4877
19189.0000 651 317 0.4869
19215.0000 652 317 0.4862
19236.5000 652 318 0.4877
19245.0000 653 318 0.4870
19246.9000 653 319 0.4885
19272.0000 654 319 0.4878
19306.0000 655 319 0.4870
19314.6000 655 320 0.4885
19334.0000 655 321 0.4901
19335.7000 655 322 0.4916
19338.0000 656 322 0.4909
19361.0000 656 323 0.4924
19365.0000 657 323 0.4916
19375.2000 657 324 0.4932
19394.0000 658 324 0.4924
19414.4000 658 325 0.4939
19420.0000 659 325 0.4932
19448.0000 660 325 0.4924
19449.8000 660 326 0.4939
19475.0000 661 326 0.4932
19500.0000 662 326 0.4924
19526.0000 662 327 0.4940
19530.0000 663 327 0.4932
19559.0000 664 327 0.4925
19576.0000 664 328 0.4940
19576.1000 664 329 0.4955
19588.0000 665 329 0.4947
19614.0000 666 329 0.4940
19638.9000 666 330 0.4955
19643.0000 667 330 0.4948
19654.1000 667 331 0.4963
19670.0000 668 331 0.4955
19689.0000 668 332 0.4970
19704.0000 669 332 0.4963
19734.0000 670 332 0.4955
19738.5000 670 333 0.4970
19760.0000 671 333 0.4963
19787.0000 672 333 0.4955
19820.0000 673 333 0.4948
19852.0000 674 333 0.4941
19853.9000 674 334 0.4955
19885.0000 675 334 0.4948
19889.1000 675 335 0.4963
19916.0000 676 335 0.4956
19931.8000 676 336 0.4970
19932.2000 676 337 0.4985
19948.0000 677 337 0.4978
19980.0000 678 337 0.4971
20013.0000 679 337 0.4963
20045.0000 680 337 0.4956
20051.5000 680 338 0.4971
20076.0000 681 338 0.4963
20086.4000 681 339 0.4978
20108.0000 682 339 0.4971
20140.0000 683 339 0.4963
20165.0000 684 339 0.4956
20175.4000 684 340 0.4971
20175.5000 684 341 0.4985
20197.0000 685 341 0.4978
20227.0000 686 341 0.4971
20257.4000 686 342 0.4985
20261.0000 687 342 0.4978
20289.0000 688 342 0.4971
20295.5000 688 343 0.4985
20319.0000 689 343 0.4978
20328.6000 689 344 0.4993
20345.0000 690 344 0.4986
20372.0000 691 344 0.4978
20397.0000 692 344 0.4971
20422.0000 693 344 0.4964
20426.7000 693 345 0.4978
20429.2000 693 346 0.4993
20449.3000 693 347 0.5007
20453.0000 694 347 0.5000
20475.9000 694 348 0.5014
20483.0000 695 348 0.5007
20483.2000 695 349 0.5022
20498.2000 695 350 0.5036
20508.0000 696 350 0.5029
20509.6000 696 351 0.5043
20512.0000 696 352 0.5057
20513.3000 696 353 0.5072
20537.0000 697 353 0.5065
20537.3000 697 354 0.5079
20566.0000 698 354 0.5072
20580.0000 698 355 0.5086
20599.0000 699 355 0.5079
20599.9000 699 356 0.5093
20619.5000 699 357 0.5107
20629.0000 700 357 0.5100
20644.7000 700 358 0.5114
20654.6000 700 359 0.5129
20657.0000 701 359 0.5121
20668.0000 701 360 0.5136
20690.0000 702 360 0.5128
20718.0000 703 360 0.5121
20744.3000 703 361 0.5135
20751.0000 704 361 0.5128
20782.0000 705 361 0.5121
20790.2000 705 362 0.5135
20815.0000 706 362 0.5127
20817.8000 706 363 0.5142
20841.4000 706 364 0.5156
20842.0000 707 364 0.5149
20844.2000 707 365 0.5163
20876.0000 708 365 0.5155
20903.0000 709 365 0.5148
20936.0000 710 365 0.5141
20950.6000 710 366 0.5155
20969.0000 711 366 0.5148
21001.0000 712 366 0.5140
21002.3000 712 367 0.5154
21021.1000 712 368 0.5169
21026.0000 713 368 0.5161
21029.3000 713 369 0.5175
21057.0000 714 369 0.5168
21081.3000 714 370 0.5182
21089.0000 715 370 0.5175
21116.0000 716 370 0.5168
21117.0000 716 371 0.5182
21135.0000 716 372 0.5196
21147.0000 717 372 0.5188
21177.0000 718 372 0.5181
21188.9000 718 373 0.5195
21205.2000 718 374 0.5209
21206.0000 719 374 0.5202
21228.0000 719 375 0.5216
21232.0000 720 375 0.5208
21266.0000 721 375 0.5201
21279.4000 721 376 0.5215
21291.0000 722 376 0.5208
21316.0000 723 376 0.5201
21345.0000 724 376 0.5193
21370.9000 724 377 0.5207
21379.0000 725 377 0.5200
21405.0000 726 377 0.5193
21434.0000 727 377 0.5186
21443.7000 727 378 0.5199
21465.0000 728 378 0.5192
21495.0000 729 378 0.5185
21504.1000 729 379 0.5199
21521.1000 729 380 0.5213
21523.2000 729 381 0.5226
21526.0000 730 381 0.5219
21553.0000 731 381 0.5212
21571.3000 731 382 0.5226
21584.0000 732 382 0.5219
21585.1000 732 383 0.5232
21592.1000 732 384 0.5246
21613.0000 733 384 0.5239
21614.0000 733 385 0.5252
21638.0000 734 385 0.5245
21660.1000 734 386 0.5259
21663.9000 734 387 0.5272
21671.0000 735 387 0.5265
21694.2000 735 388 0.5279
21696.0000 736 388 0.5272
21719.8000 736 389 0.5285
21721.3000 736 390 0.5299
21729.0000 737 390 0.5292
21756.0000 738 390 0.5285
21789.0000 739 390 0.5277
21791.3000 739 391 0.5291
21818.0000 740 391 0.5284
21828.9000 740 392 0.5297
21846.0000 741 392 0.5290
21871.0000 742 392 0.5283
21903.0000 743 392 0.5276
21933.0000 744 392 0.5269
21958.0000 744 393 0.5282
21960.0000 745 393 0.5275
21993.0000 746 393 0.5268
22011.2000 746 394 0.5282
22011.2000 746 395 0.5295
22019.0000 747 395 0.5288
22047.0000 748 395 0.5281
22077.0000 749 395 0.5274
22105.0000 750 395 0.5267
22131.0000 751 395 0.5260
22147.7000 751 396 0.5273
22165.0000 752 396 0.5266
22199.0000 753 396 0.5259
22232.0000 754 396 0.5252
22259.0000 755 396 0.5245
22277.9000 755 397 0.5258
22285.0000 755 398 0.5272
22287.0000 756 398 0.5265
22304.9000 756 399 0.5278
22320.0000 757 399 0.5271
22342.4000 757 400 0.5284
22348.0000 758 400 0.5277
22380.0000 759 400 0.5270
22389.0000 759 401 0.5283
22413.0000 760 401 0.5276
22439.2000 760 402 0.5289
22446.0000 761 402 0.5283
22471.0000 762 402 0.5276
22474.2000 762 403 0.5289
22502.3000 762 404 0.5302
22504.0000 763 404 0.5295
22535.0000 764 404 0.5288
22551.9000 764 405 0.5301
22568.0000 765 405 0.5294
22579.5000 765 406 0.5307
22593.0000 766 406 0.5300
22619.0000 767 406 0.5293
22651.0000 768 406 0.5286
22653.6000 768 407 0.5299
22680.0000 769 407 0.5293
22691.0000 769 408 0.5306
22702.2000 769 409 0.5319
22707.9000 769 410 0.5332
22711.0000 770 410 0.5325
22714.0000 770 411 0.5338
22725.2000 770 412 0.5351
22740.0000 771 412 0.5344
22769.0000 772 412 0.5337
22772.1000 772 413 0.5350
22774.4000 772 414 0.5363
22798.0000 773 414 0.5356
22805.0000 773 415 0.5369
22827.0000 774 415 0.5362
22845.2000 774 416 0.5375
22850.0000 774 417 0.5388
22853.0000 774 418 0.5401
22857.0000 775 418 0.5394
22871.8000 775 419 0.5406
22882.0000 776 419 0.5399
22909.0000 777 419 0.5393
22937.0000 778 419 0.5386
22960.0000 778 420 0.5398
22963.0000 779 420 0.5392
22969.4000 779 421 0.5404
22994.0000 780 421 0.5397
23021.0000 781 421 0.5391
23030.6000 781 422 0.5403
23047.0000 782 422 0.5396
23054.8000 782 423 0.5409
23058.9000 782 424 0.5422
23078.0000 783 424 0.5415
23103.0000 784 424 0.5408
23111.0000 784 425 0.5421
23114.5000 784 426 0.5434
23128.0000 785 426 0.5427
23136.5000 785 427 0.5439
23156.0000 786 427 0.5433
23156.8000 786 428 0.5445
23166.8000 786 429 0.5458
23175.0000 786 430 0.5471
23188.0000 787 430 0.5464
23213.0000 788 430 0.5457
23244.0000 789 430 0.5450
23269.0000 790 430 0.5443
23295.0000 791 430 0.5436
23313.2000 791 431 0.5449
23320.8000 791 432 0.5461
23324.0000 792 432 0.5455
23337.6000 792 433 0.5467
23356.0000 793 433 0.5460
23390.0000 794 433 0.5453
23422.0000 795 433 0.5447
23448.1000 795 434 0.5459
23452.0000 796 434 0.5452
23454.5000 796 435 0.5465
23486.0000 797 435 0.5458
23518.0000 798 435 0.5451
23542.2000 798 436 0.5464
23546.0000 799 436 0.5457
23559.1000 799 437 0.5469
23577.0000 800 437 0.5463
23589.9000 800 438 0.5475
23608.6000 800 439 0.5488
23609.0000 801 439 0.5481
23632.3000 801 440 0.5493
23639.0000 802 440 0.5486
23657.2000 802 441 0.5499
23671.0000 803 441 0.5492
23672.1000 803 442 0.5504
23675.6000 803 443 0.5517
23690.3000 803 444 0.5529
23702.0000 804 444 0.5522
23719.0000 804 445 0.5535
23733.0000 805 445 0.5528
23734.8000 805 446 0.5540
23738.8000 805 447 0.5553
23744.2000 805 448 0.5565
23763.0000 806 448 0.5558
23765.7000 806 449 0.5571
23773.9000 806 450 0.5583
23789.0000 807 450 0.5576
23821.0000 808 450 0.5569
23848.6000 808 451 0.5582
23851.2000 808 452 0.5594
23853.0000 809 452 0.5587
23872.7000 809 453 0.5600
23884.5000 809 454 0.5612
23885.0000 810 454 0.5605
23916.0000 811 454 0.5598
23920.7000 811 455 0.5610
23950.0000 812 455 0.5603
23979.0000 813 455 0.5597
24008.0000 814 455 0.5590
24033.0000 815 455 0.5583
24066.0000 816 455 0.5576
24100.0000 817 455 0.5569
24131.0000 818 455 0.5562
24139.9000 818 456 0.5575
24158.0000 819 456 0.5568
24191.0000 820 456 0.5561
24222.0000 821 456 0.5554
24248.0000 822 456 0.5547
24260.6000 822 457 0.5560
24266.8000 822 458 0.5572
24269.0000 822 459 0.5584
24274.0000 823 459 0.5577
24288.0000 823 460 0.5589
24304.0000 824 460 0.5583
24314.6000 824 461 0.5595
24331.0000 825 461 0.5588
24362.0000 826 461 0.5581
24373.6000 826 462 0.5593
24382.8000 826 463 0.5605
24390.0000 826 464 0.5617
24393.0000 827 464 0.5611
24423.0000 828 464 0.5604
24451.7000 828 465 0.5616
24456.0000 829 465 0.5609
24485.0000 830 465 0.5602
24514.0000 831 465 0.5596
24545.0000 832 465 0.5589
24551.9000 832 466 0.5601
24574.0000 833 466 0.5594
24605.0000 834 466 0.5588
24616.8000 834 467 0.5600
24635.0000 835 467 0.5593
24662.0000 836 467 0.5586
24688.0000 836 468 0.5598
24690.0000 837 468 0.5591
24712.9000 837 469 0.5603
24720.0000 838 469 0.5597
24745.8000 838 470 0.5609
24751.4000 838 471 0.5621
24754.0000 839 471 0.5614
24765.4000 839 472 0.5626
24782.0000 840 472 0.5619
24811.0000 840 473 0.5631
24814.0000 841 473 0.5624
24837.2000 841 474 0.5636
24840.0000 842 474 0.5629
24850.3000 842 475 0.5641
24861.7000 842 476 0.5653
24867.0000 843 476 0.5647
24897.0000 844 476 0.5640
24931.0000 845 476 0.5633
24937.9000 845 477 0.5645
24958.0000 846 477 0.5638
24972.1000 846 478 0.5650
24990.0000 847 478 0.5643
25015.0000 848 478 0.5637
25048.0000 849 478 0.5630
25076.0000 850 478 0.5624
25083.9000 850 479 0.5635
25096.7000 850 480 0.5647
25106.0000 851 480 0.5640
25116.8000 851 481 0.5652
25127.3000 851 482 0.5664
25130.0000 851 483 0.5676
25135.0000 852 483 0.5669
25163.0000 853 483 0.5662
25196.0000 854 483 0.5656
25222.9000 854 484 0.5667
25226.0000 855 484 0.5661
25239.2000 855 485 0.5673
25253.2000 855 486 0.5684
25254.0000 856 486 0.5678
25264.3000 856 487 0.5689
25267.0000 856 488 0.5701
25279.0000 857 488 0.5694
25306.0000 858 488 0.5688
25322.8000 858 489 0.5699
25333.0000 859 489 0.5693
25363.0000 860 489 0.5686
25363.5000 860 490 0.5698
25392.0000 861 490 0.5691
25396.3000 861 491 0.5703
25407.8000 861 492 0.5714
25415.8000 861 493 0.5726
25426.0000 862 493 0.5719
25459.0000 863 493 0.5713
25484.4000 863 494 0.5724
25488.0000 864 494 0.5718
25502.5000 864 495 0.5729
25517.0000 865 495 0.5723
25529.0000 865 496 0.5734
25544.0000 866 496 0.5727
25571.0000 867 496 0.5721
25598.0000 868 496 0.5714
25616.5000 868 497 0.5726
25623.0000 869 497 0.5719
25652.0000 870 497 0.5713
25669.1000 870 498 0.5724
25685.0000 871 498 0.5718
25686.1000 871 499 0.5729
25716.0000 872 499 0.5722
25735.3000 872 500 0.5734
25739.1000 872 501 0.5745
25742.0000 873 501 0.5739
25770.0000 874 501 0.5732
25790.5000 874 502 0.5744
25792.7000 874 503 0.5755
25795.0000 875 503 0.5749
25823.3000 875 504 0.5760
25826.0000 876 504 0.5753
25853.0000 877 504 0.5747
25876.5000 877 505 0.5758
25878.0000 878 505 0.5752
25878.8000 878 506 0.5763
25880.5000 878 507 0.5774
25887.9000 878 508 0.5786
25911.0000 879 508 0.5779
25926.2000 879 509 0.5791
25942.0000 880 509 0.5784
25952.0000 880 510 0.5795
25971.0000 881 510 0.5789
26003.0000 882 510 0.5782
26007.1000 882 511 0.5794
26034.0000 883 511 0.5787
26063.0000 884 511 0.5781
26068.6000 884 512 0.5792
26090.0000 885 512 0.5785
26113.0000 885 513 0.5797
26124.0000 886 513 0.5790
26128.3000 886 514 0.5801
26135.0000 886 515 0.5813
26154.0000 887 515 0.5806
26177.3000 887 516 0.5817
26187.0000 888 516 0.5811
26216.0000 889 516 0.5804
26226.6000 889 517 0.5816
26232.7000 889 518 0.5827
26241.0000 890 518 0.5820
26274.0000 891 518 0.5814
26301.0000 892 518 0.5807
26319.3000 892 519 0.5818
26328.0000 893 519 0.5812
26341.7000 893 520 0.5823
26359.7000 893 521 0.5834
26361.0000 894 521 0.5828
26390.0000 895 521 0.5821
26424.0000 896 521 0.5815
26456.0000 897 521 0.5808
26481.0000 898 521 0.5802
26492.6000 898 522 0.5813
26509.0000 899 522 0.5806
26537.0000 900 522 0.5800
26550.3000 900 523 0.5811
26557.7000 900 524 0.5822
26569.0000 901 524 0.5816
26595.3000 901 525 0.5827
26599.0000 902 525 0.5820
26626.0000 903 525 0.5814
26653.0000 904 525 0.5808
26665.7000 904 526 0.5819
26665.7000 904 527 0.5830
26681.0000 905 527 0.5823
26710.0000 905 528 0.5834
26711.0000 906 528 0.5828
26735.8000 906 529 0.5839
26740.0000 907 529 0.5832
26757.1000 907 530 0.5843
26765.0000 908 530 0.5837
26779.7000 908 531 0.5848
26781.0000 908 532 0.5859
26783.8000 908 533 0.5870
26794.0000 909 533 0.5864
26812.1000 909 534 0.5875
26818.3000 909 535 0.5886
26818.4000 909 536 0.5897
26823.0000 910 536 0.5890
26852.0000 911 536 0.5884
26886.0000 912 536 0.5877
26909.2000 912 537 0.5888
26912.0000 913 537 0.5882
26927.7000 913 538 0.5893
26945.0000 914 538 0.5886
26978.0000 915 538 0.5880
27010.0000 916 538 0.5873
27039.0000 917 538 0.5867
27067.0000 918 538 0.5861
27088.3000 918 539 0.5871
27091.1000 918 540 0.5882
27096.0000 919 540 0.5876
27111.2000 919 541 0.5887
27126.0000 920 541 0.5880
27144.6000 920 542 0.5891
27146.1000 920 543 0.5902
27160.0000 921 543 0.5896
27178.0000 921 544 0.5907
27181.1000 921 545 0.5917
27188.0000 922 545 0.5911
27214.0000 923 545 0.5905
27221.2000 923 546 0.5915
27238.9000 923 547 0.5926
27244.0000 924 547 0.5920
27277.0000 925 547 0.5914
27303.8000 925 548 0.5924
27310.0000 926 548 0.5918
27339.0000 927 548 0.5912
27370.0000 928 548 0.5905
27382.7000 928 549 0.5916
27401.0000 929 549 0.5910
27411.1000 929 550 0.5920
27427.0000 930 550 0.5914
27460.0000 931 550 0.5908
27489.0000 932 550 0.5901
27495.4000 932 551 0.5912
27523.0000 933 551 0.5906
27525.5000 933 552 0.5916
27538.4000 933 553 0.5927
27552.0000 934 553 0.5921
27565.6000 934 554 0.5931
27580.0000 935 554 0.5925
27605.0000 936 554 0.5919
27623.0000 936 555 0.5929
27636.0000 937 555 0.5923
27655.5000 937 556 0.5934
27665.0000 938 556 0.5928
27695.0000 939 556 0.5921
27707.3000 939 557 0.5932
27708.4000 939 558 0.5942
27720.0000 940 558 0.5936
27747.0000 941 558 0.5930
27775.0000 942 558 0.5924
27775.2000 942 559 0.5934
27806.0000 943 559 0.5928
27809.4000 943 560 0.5938
27831.7000 943 561 0.5949
27834.0000 944 561 0.5943
27846.8000 944 562 0.5953
27867.0000 945 562 0.5947
27878.8000 945 563 0.5958
27897.7000 945 564 0.5968
27901.0000 946 564 0.5962
27935.0000 947 564 0.5956
27943.4000 947 565 0.5966
27969.0000 948 565 0.5960
28002.0000 949 565 0.5954
28008.2000 949 566 0.5964
28035.0000 950 566 0.5958
28067.0000 951 566 0.5952
28091.3000 951 567 0.5962
28093.0000 952 567 0.5956
28113.4000 952 568 0.5966
28126.0000 953 568 0.5960
28151.0000 954 568 0.5954
28178.0000 955 568 0.5948
28186.3000 955 569 0.5958
28210.0000 956 569 0.5952
28235.0000 957 569 0.5946
28268.0000 958 569 0.5939
28295.0000 959 569 0.5933
28324.4000 959 570 0.5944
28326.0000 960 570 0.5938
28356.0000 961 570 0.5931
28388.0000 962 570 0.5925
28420.0000 963 570 0.5919
28434.9000 963 571 0.5929
28445.0000 964 571 0.5923
28471.0000 965 571 0.5917
28491.7000 965 572 0.5927
28501.0000 966 572 0.5921
28532.0000 967 572 0.5915
28542.8000 967 573 0.5926
28563.0000 968 573 0.5919
28568.1000 968 574 0.5930
28590.0000 969 574 0.5924
28616.0000 970 574 0.5918
28644.0000 971 574 0.5911
28671.0000 972 574 0.5905
28696.0000 973 574 0.5899
28721.0000 974 574 0.5893
28734.4000 974 575 0.5903
28752.0000 975 575 0.5897
28762.8000 975 576 0.5908
28767.4000 975 577 0.5918
28780.0000 976 577 0.5912
28790.3000 976 578 0.5922
28807.0000 977 578 0.5916
28834.0000 978 578 0.5910
28834.2000 978 579 0.5920
28868.0000 979 579 0.5914
28894.0000 980 579 0.5908
28924.0000 981 579 0.5902
28949.0000 982 579 0.5896
28983.0000 983 579 0.5890
28993.6000 983 580 0.5900
29011.0000 984 580 0.5894
29036.0000 985 580 0.5888
29048.2000 985 581 0.5898
29058.8000 985 582 0.5909
29062.0000 986 582 0.5903
29089.0000 987 582 0.5897
29110.1000 987 583 0.5907
29119.0000 988 583 0.5901
29149.0000 989 583 0.5895
29157.3000 989 584 0.5905
29175.0000 990 584 0.5899
29190.0000 990 585 0.5909
29199.7000 990 586 0.5919
29205.0000 991 586 0.5913
29222.6000 991 587 0.5923
29234.0000 992 587 0.5917
29260.0000 993 587 0.5911
29285.0000 993 588 0.5921
29285.0000 994 588 0.5915
29308.8000 994 589 0.5926
29317.0000 995 589 0.5920
29342.0000 996 589 0.5914
29369.0000 997 589 0.5908
29374.3000 997 590 0.5918
29396.9000 997 591 0.5928
29399.0000 998 591 0.5922
29422.4000 998 592 0.5932
29425.8000 998 593 0.5942
29433.0000 999 593 0.5936
29441.9000 999 594 0.5946
29458.0000 1000 594 0.5940
29487.0000 1001 594 0.5934
29513.0000 1002 594 0.5928
29543.0000 1003 594 0.5922
29576.0000 1004 594 0.5916
29602.0000 1005 594 0.5910
29609.6000 1005 595 0.5920
29629.0000 1006 595 0.5915
29629.9000 1006 596 0.5924
29658.0000 1007 596 0.5919
29692.0000 1008 596 0.5913
29705.3000 1008 597 0.5923
29718.2000 1008 598 0.5933
29725.0000 1009 598 0.5927
29742.1000 1009 599 0.5937
29745.1000 1009 600 0.5946
29757.6000 1009 601 0.5956
29758.0000 1010 601 0.5950
29777.7000 1010 602 0.5960
29790.0000 1011 602 0.5955
29818.0000 1012 602 0.5949
29843.0000 1013 602 0.5943
29872.0000 1014 602 0.5937
29900.0000 1015 602 0.5931
29911.5000 1015 603 0.5941
29932.0000 1016 603 0.5935
29943.4000 1016 604 0.5945
29965.0000 1017 604 0.5939
29995.0000 1018 604 0.5933
30021.7000 1018 605 0.5943
30022.0000 1019 605 0.5937
30038.8000 1019 606 0.5947
30049.0000 1020 606 0.5941
30082.0000 1021 606 0.5935
30088.9000 1021 607 0.5945
30092.8000 1021 608 0.5955
30109.0000 1022 608 0.5949
30142.0000 1023 608 0.5943
30169.7000 1023 609 0.5953
30174.0000 1024 609 0.5947
30176.6000 1024 610 0.5957
30204.0000 1025 610 0.5951
30236.0000 1026 610 0.5945
30245.1000 1026 611 0.5955
30265.0000 1027 611 0.5949
30266.6000 1027 612 0.5959
30272.0000 1027 613 0.5969
30279.3000 1027 614 0.5979
30289.9000 1027 615 0.5988
30299.0000 1028 615 0.5982
30319.7000 1028 616 0.5992
30322.0000 1028 617 0.6002
30324.0000 1029 617 0.5996
30354.0000 1030 617 0.5990
30381.0000 1031 617 0.5984
30413.0000 1032 617 0.5979
30441.3000 1032 618 0.5988
30444.0000 1033 618 0.5983
30477.0000 1034 618 0.5977
30501.4000 1034 619 0.5986
30511.0000 1035 619 0.5981
30543.0000 1036 619 0.5975
30565.0000 1036 620 0.5985
30577.0000 1037 620 0.5979
30588.9000 1037 621 0.5988
30605.0000 1038 621 0.5983
30606.4000 1038 622 0.5992
30607.5000 1038 623 0.6002
30637.0000 1039 623 0.5996
30666.0000 1040 623 0.5990
30692.0000 1041 623 0.5985
30718.0000 1042 623 0.5979
30720.1000 1042 624 0.5988
30745.0000 1043 624 0.5983
30772.0000 1044 624 0.5977
30784.3000 1044 625 0.5987
30801.0000 1045 625 0.5981
30818.9000 1045 626 0.5990
30833.0000 1046 626 0.5985
30847.0000 1046 627 0.5994
30861.2000 1046 628 0.6004
30862.0000 1047 628 0.5998
30892.1000 1047 629 0.6008
30896.0000 1048 629 0.6002
30905.1000 1048 630 0.6011
30924.0000 1049 630 0.6006
30937.1000 1049 631 0.6015
30940.7000 1049 632 0.6025
30945.9000 1049 633 0.6034
30953.0000 1050 633 0.6029
30971.9000 1050 634 0.6038
30987.0000 1051 634 0.6032
31019.2000 1051 635 0.6042
31021.0000 1052 635 0.6036
31036.2000 1052 636 0.6046
31054.0000 1053 636 0.6040
31083.0000 1054 636 0.6034
31116.0000 1055 636 0.6028
31130.1000 1055 637 0.6038
31141.0000 1056 637 0.6032
31147.3000 1056 638 0.6042
31154.3000 1056 639 0.6051
31172.0000 1057 639 0.6045
31187.2000 1057 640 0.6055
31197.5000 1057 641 0.6064
31204.0000 1058 641 0.6059
31210.2000 1058 642 0.6068
31210.3000 1058 643 0.6078
31216.6000 1058 644 0.6087
31235.0000 1059 644 0.6081
31244.2000 1059 645 0.6091
31260.0000 1060 645 0.6085
31271.8000 1060 646 0.6094
31288.5000 1060 647 0.6104
31289.0000 1061 647 0.6098
31295.9000 1061 648 0.6107
31299.4000 1061 649 0.6117
31322.0000 1062 649 0.6111
31332.8000 1062 650 0.6121
31348.2000 1062 651 0.6130
31349.0000 1063 651 0.6124
31382.0000 1064 651 0.6118
31408.0000 1065 651 0.6113
31440.0000 1066 651 0.6107
31448.6000 1066 652 0.6116
31461.7000 1066 653 0.6126
31467.0000 1067 653 0.6120
31471.1000 1067 654 0.6129
31472.3000 1067 655 0.6139
31499.0000 1068 655 0.6133
31506.0000 1068 656 0.6142
31525.0000 1069 656 0.6137
31545.4000 1069 657 0.6146
31556.0000 1070 657 0.6140
31586.0000 1071 657 0.6134
31617.0000 1072 657 0.6129
31639.3000 1072 658 0.6138
31644.0000 1073 658 0.6132
31649.1000 1073 659 0.6142
31657.8000 1073 660 0.6151
31673.5000 1073 661 0.6160
31675.0000 1074 661 0.6155
31705.0000 1075 661 0.6149
31734.0000 1076 661 0.6143
31763.4000 1076 662 0.6152
31765.0000 1077 662 0.6147
31778.9000 1077 663 0.6156
31798.0000 1078 663 0.6150
31798.4000 1078 664 0.6160
31799.3000 1078 665 0.6169
31813.4000 1078 666 0.6178
31814.1000 1078 667 0.6187
31828.0000 1079 667 0.6182
31853.0000 1080 667 0.6176
31878.0000 1081 667 0.6170
31903.0000 1082 667 0.6165
31933.0000 1083 667 0.6159
31963.0000 1084 667 0.6153
31994.0000 1085 667 0.6147
32020.0000 1086 667 0.6142
32043.4000 1086 668 0.6151
32045.0000 1087 668 0.6145
32072.3000 1087 669 0.6155
32077.0000 1088 669 0.6149
32093.4000 1088 670 0.6158
32110.0000 1089 670 0.6152
32114.4000 1089 671 0.6162
32121.5000 1089 672 0.6171
32139.0000 1090 672 0.6165
32172.0000 1091 672 0.6159
32199.0000 1092 672 0.6154
32225.0000 1093 672 0.6148
32226.2000 1093 673 0.6157
32254.0000 1094 673 0.6152
32283.0000 1095 673 0.6146
32316.0000 1096 673 0.6141
32326.4000 1096 674 0.6150
32334.7000 1096 675 0.6159
32348.0000 1097 675 0.6153
32373.0000 1098 675 0.6148
32399.0000 1099 675 0.6142
32433.0000 1100 675 0.6136
32447.1000 1100 676 0.6145
32467.0000 1101 676 0.6140
32495.0000 1102 676 0.6134
32525.0000 1103 676 0.6129
32556.0000 1104 676 0.6123
32564.4000 1104 677 0.6132
32583.0000 1105 677 0.6127
32609.0000 1106 677 0.6121
32613.5000 1106 678 0.6130
32633.4000 1106 679 0.6139
32638.0000 1107 679 0.6134
32662.8000 1107 680 0.6143
32663.0000 1108 680 0.6137
32691.0000 1109 680 0.6132
32707.3000 1109 681 0.6141
32717.0000 1110 681 0.6135
32744.0000 1111 681 0.6130
32760.8000 1111 682 0.6139
32769.0000 1112 682 0.6133
32803.0000 1113 682 0.6128
32837.0000 1114 682 0.6122
32840.2000 1114 683 0.6131
32852.7000 1114 684 0.6140
32871.0000 1115 684 0.6135
32904.0000 1116 684 0.6129
32916.3000 1116 685 0.6138
32916.7000 1116 686 0.6147
32936.0000 1117 686 0.6141
32968.0000 1118 686 0.6136
32986.5000 1118 687 0.6145
32993.0000 1119 687 0.6139
33021.0000 1120 687 0.6134
33024.6000 1120 688 0.6143
33047.0000 1121 688 0.6137
33073.0000 1122 688 0.6132
33073.7000 1122 689 0.6141
33095.6000 1122 690 0.6150
33106.0000 1123 690 0.6144
33131.0000 1124 690 0.6139
33156.0000 1125 690 0.6133
33183.1000 1125 691 0.6142
33186.9000 1125 692 0.6151
33188.0000 1126 692 0.6146
33188.5000 1126 693 0.6155
33191.6000 1126 694 0.6163
33213.0000 1127 694 0.6158
33240.0000 1128 694 0.6152
33267.0000 1129 694 0.6147
33298.0000 1130 694 0.6142
33311.9000 1130 695 0.6150
33324.0000 1131 695 0.6145
33345.2000 1131 696 0.6154
33350.0000 1132 696 0.6148
33361.5000 1132 697 0.6157
33379.0000 1133 697 0.6152
33382.3000 1133 698 0.6161
33405.0000 1134 698 0.6155
33413.0000 1134 699 0.6164
33427.5000 1134 700 0.6173
33435.0000 1135 700 0.6167
33467.0000 1136 700 0.6162
33494.0000 1137 700 0.6157
33501.4000 1137 701 0.6165
33522.0000 1138 701 0.6160
33549.4000 1138 702 0.6169
33553.0000 1139 702 0.6163
33578.0000 1140 702 0.6158
33591.0000 1140 703 0.6167
33607.0000 1141 703 0.6161
33632.0000 1142 703 0.6156
33649.9000 1142 704 0.6165
33658.0000 1143 704 0.6159
33660.0000 1143 705 0.6168
33684.0000 1144 705 0.6163
33715.0000 1145 705 0.6157
33749.0000 1146 705 0.6152
33778.0000 1147 705 0.6146
33807.0000 1148 705 0.6141
33808.5000 1148 706 0.6150
33817.9000 1148 707 0.6159
33838.0000 1149 707 0.6153
33859.8000 1149 708 0.6162
33865.0000 1150 708 0.6157
33879.6000 1150 709 0.6165
33895.0000 1151 709 0.6160
33923.0000 1152 709 0.6155
33956.0000 1153 709 0.6149
33957.4000 1153 710 0.6158
33968.0000 1153 711 0.6167
33989.0000 1154 711 0.6161
34012.8000 1154 712 0.6170
34021.0000 1155 712 0.6165
34039.8000 1155 713 0.6173
34052.0000 1156 713 0.6168
34086.0000 1157 713 0.6162
34115.0000 1158 713 0.6157
34121.4000 1158 714 0.6166
34129.1000 1158 715 0.6174
34145.0000 1159 715 0.6169
34178.0000 1160 715 0.6164
34179.3000 1160 716 0.6172
34204.0000 1161 716 0.6167
34217.2000 1161 717 0.6176
34236.0000 1162 717 0.6170
34260.2000 1162 718 0.6179
34268.0000 1163 718 0.6174
34276.8000 1163 719 0.6182
34297.0000 1164 719 0.6177
34307.5000 1164 720 0.6186
34326.0000 1165 720 0.6180
34360.0000 1166 720 0.6175
34388.0000 1167 720 0.6170
34398.6000 1167 721 0.6178
34420.0000 1168 721 0.6173
34453.0000 1169 721 0.6168
34482.0000 1170 721 0.6162
34484.0000 1170 722 0.6171
34516.0000 1171 722 0.6166
34548.0000 1172 722 0.6160
34551.6000 1172 723 0.6169
34578.0000 1173 723 0.6164
34605.0000 1174 723 0.6158
34623.2000 1174 724 0.6167
34631.6000 1174 725 0.6175
34637.0000 1175 725 0.6170
34666.0000 1176 725 0.6165
34676.0000 1176 726 0.6173
34691.6000 1176 727 0.6182
34697.0000 1177 727 0.6177
34710.8000 1177 728 0.6185
34723.0000 1178 728 0.6180
34732.9000 1178 729 0.6188
34754.8000 1178 730 0.6197
34757.0000 1179 730 0.6192
34760.2000 1179 731 0.6200
34764.6000 1179 732 0.6209
34783.0000 1180 732 0.6203
34795.7000 1180 733 0.6212
34813.0000 1181 733 0.6207
34833.2000 1181 734 0.6215
34841.0000 1182 734 0.6210
34868.0000 1183 734 0.6205
34870.7000 1183 735 0.6213
34901.0000 1184 735 0.6208
34927.0000 1185 735 0.6203
34933.1000 1185 736 0.6211
34959.0000 1186 736 0.6206
34976.6000 1186 737 0.6214
34992.0000 1187 737 0.6209
35019.0000 1188 737 0.6204
35041.4000 1188 738 0.6212
35046.6000 1188 739 0.6221
35051.0000 1189 739 0.6215
35053.5000 1189 740 0.6224
35078.0000 1190 740 0.6218
35093.5000 1190 741 0.6227
35097.5000 1190 742 0.6235
35100.8000 1190 743 0.6244
35103.0000 1191 743 0.6238
35107.4000 1191 744 0.6247
35129.0000 1192 744 0.6242
35137.6000 1192 745 0.6250
35145.7000 1192 746 0.6258
35159.0000 1193 746 0.6253
35162.7000 1193 747 0.6262
35173.4000 1193 748 0.6270
35174.0000 1193 749 0.6278
35192.7000 1193 750 0.6287
35193.0000 1194 750 0.6281
35214.7000 1194 751 0.6290
35226.0000 1195 751 0.6285
35246.6000 1195 752 0.6293
35252.5000 1195 753 0.6301
35254.0000 1196 753 0.6296
35285.0000 1197 753 0.6291
35317.0000 1198 753 0.6285
35342.0000 1199 753 0.6280
35364.2000 1199 754 0.6289
35373.4000 1199 755 0.6297
35376.0000 1200 755 0.6292
35400.4000 1200 756 0.6300
35406.0000 1201 756 0.6295
35430.0000 1201 757 0.6303
35436.0000 1202 757 0.6298
35468.0000 1203 757 0.6293
35484.7000 1203 758 0.6301
35497.0000 1204 758 0.6296
35501.5000 1204 759 0.6304
35518.6000 1204 760 0.6312
35524.0000 1205 760 0.6307
35556.0000 1206 760 0.6302
35556.1000 1206 761 0.6310
35583.0000 1207 761 0.6305
35603.0000 1207 762 0.6313
35609.0000 1208 762 0.6308
35642.0000 1209 762 0.6303
35675.0000 1210 762 0.6298
35681.7000 1210 763 0.6306
35682.3000 1210 764 0.6314
35693.9000 1210 765 0.6322
35698.8000 1210 766 0.6331
35704.0000 1211 766 0.6325
35732.0000 1212 766 0.6320
35764.2000 1212 767 0.6328
35766.0000 1213 767 0.6323
35776.3000 1213 768 0.6331
35793.0000 1214 768 0.6326
35822.9000 1214 769 0.6334
35826.0000 1215 769 0.6329
35859.0000 1216 769 0.6324
35890.0000 1217 769 0.6319
35902.3000 1217 770 0.6327
35920.0000 1218 770 0.6322
35953.0000 1219 770 0.6317
35979.0000 1220 770 0.6311
36004.2000 1220 771 0.6320
36013.0000 1221 771 0.6314
36015.5000 1221 772 0.6323
36026.0000 1221 773 0.6331
36032.7000 1221 774 0.6339
36044.0000 1222 774 0.6334
36051.9000 1222 775 0.6342
36077.0000 1223 775 0.6337
36099.9000 1223 776 0.6345
36110.0000 1224 776 0.6340
36138.0000 1225 776 0.6335
36161.6000 1225 777 0.6343
36165.6000 1225 778 0.6351
36170.0000 1226 778 0.6346
36190.7000 1226 779 0.6354
36190.7000 1226 780 0.6362
36195.5000 1226 781 0.6370
36199.0000 1227 781 0.6365
36226.0000 1228 781 0.6360
36251.0000 1229 781 0.6355
36282.0000 1230 781 0.6350
36307.0000 1231 781 0.6344
36332.4000 1231 782 0.6353
36336.0000 1232 782 0.6347
36363.0000 1233 782 0.6342
36394.0000 1234 782 0.6337
36401.4000 1234 783 0.6345
36417.9000 1234 784 0.6353
36426.0000 1235 784 0.6348
36427.4000 1235 785 0.6356
36458.0000 1236 785 0.6351
36492.0000 1237 785 0.6346
36499.1000 1237 786 0.6354
36522.0000 1238 786 0.6349
36549.0000 1239 786 0.6344
36552.1000 1239 787 0.6352
36577.0000 1240 787 0.6347
36578.2000 1240 788 0.6355
36579.6000 1240 789 0.6363
36581.2000 1240 790 0.6371
36611.0000 1241 790 0.6366
36643.0000 1242 790 0.6361
36649.1000 1242 791 0.6369
36666.4000 1242 792 0.6377
36675.0000 1243 792 0.6372
36685.3000 1243 793 0.6380
36709.0000 1244 793 0.6375
36716.9000 1244 794 0.6383
36737.0000 1245 794 0.6378
36745.2000 1245 795 0.6386
36754.8000 1245 796 0.6394
36765.0000 1246 796 0.6388
36766.4000 1246 797 0.6396
36772.9000 1246 798 0.6404
36779.5000 1246 799 0.6413
36799.0000 1247 799 0.6407
36829.0000 1248 799 0.6402
36845.0000 1248 800 0.6410
36860.0000 1249 800 0.6405
36880.3000 1249 801 0.6413
36891.0000 1250 801 0.6408
36917.0000 1251 801 0.6403
36940.1000 1251 802 0.6411
36949.0000 1252 802 0.6406
36963.2000 1252 803 0.6414
36981.0000 1253 803 0.6409
37015.0000 1254 803 0.6404
37017.2000 1254 804 0.6411
37020.8000 1254 805 0.6419
37035.1000 1254 806 0.6427
37042.0000 1255 806 0.6422
37075.0000 1256 806 0.6417
37105.7000 1256 807 0.6425
37108.0000 1257 807 0.6420
37133.0000 1258 807 0.6415
37164.0000 1259 807 0.6410
37171.9000 1259 808 0.6418
37187.0000 1259 809 0.6426
37195.0000 1260 809 0.6421
37226.6000 1260 810 0.6429
37227.0000 1261 810 0.6423
37252.0000 1262 810 0.6418
37260.1000 1262 811 0.6426
37265.0000 1262 812 0.6434
37283.0000 1263 812 0.6429
37291.5000 1263 813 0.6437
37302.8000 1263 814 0.6445
37317.0000 1264 814 0.6440
37349.0000 1265 814 0.6435
37359.2000 1265 815 0.6443
37374.0000 1266 815 0.6438
37405.0000 1267 815 0.6433
37414.6000 1267 816 0.6440
37432.0000 1268 816 0.6435
37462.0000 1269 816 0.6430
37489.0000 1270 816 0.6425
37522.0000 1271 816 0.6420
37530.3000 1271 817 0.6428
37551.0000 1272 817 0.6423
37581.0000 1273 817 0.6418
37613.0000 1274 817 0.6413
37641.0000 1275 817 0.6408
37641.8000 1275 818 0.6416
37673.0000 1276 818 0.6411
37679.6000 1276 819 0.6418
37680.0000 1276 820 0.6426
37701.0000 1277 820 0.6421
37726.0000 1278 820 0.6416
37733.3000 1278 821 0.6424
37742.6000 1278 822 0.6432
37756.0000 1279 822 0.6427
37777.9000 1279 823 0.6435
37782.0000 1280 823 0.6430
37783.5000 1280 824 0.6438
37802.0000 1280 825 0.6445
37804.9000 1280 826 0.6453
37815.0000 1281 826 0.6448
37836.2000 1281 827 0.6456
37846.0000 1282 827 0.6451
37849.6000 1282 828 0.6459
37871.7000 1282 829 0.6466
37873.0000 1283 829 0.6461
37874.4000 1283 830 0.6469
37898.0000 1284 830 0.6464
37902.1000 1284 831 0.6472
37927.0000 1285 831 0.6467
37961.0000 1286 831 0.6462
37983.6000 1286 832 0.6470
37986.0000 1287 832 0.6465
38010.1000 1287 833 0.6472
38015.0000 1288 833 0.6467
38022.2000 1288 834 0.6475
38041.0000 1289 834 0.6470
38064.0000 1289 835 0.6478
38075.0000 1290 835 0.6473
38093.4000 1290 836 0.6481
38101.9000 1290 837 0.6488
38105.0000 1291 837 0.6483
38130.0000 1291 838 0.6491
38132.0000 1292 838 0.6486
38153.7000 1292 839 0.6494
38158.0000 1293 839 0.6489
38186.0000 1294 839 0.6484
38217.0000 1295 839 0.6479
38243.0000 1296 839 0.6474
38262.8000 1296 840 0.6481
38272.3000 1296 841 0.6489
38275.0000 1297 841 0.6484
38300.0000 1298 841 0.6479
38331.0000 1299 841 0.6474
38342.1000 1299 842 0.6482
38358.0000 1300 842 0.6477
38388.0000 1301 842 0.6472
38420.0000 1302 842 0.6467
38445.0000 1302 843 0.6475
38450.0000 1303 843 0.6470
38452.6000 1303 844 0.6477
38461.8000 1303 845 0.6485
38465.0000 1303 846 0.6493
38483.0000 1304 846 0.6488
38494.6000 1304 847 0.6495
38515.0000 1305 847 0.6490
38539.0000 1305 848 0.6498
38540.0000 1306 848 0.6493
38542.9000 1306 849 0.6501
38562.9000 1306 850 0.6508
38568.0000 1307 850 0.6503
38580.7000 1307 851 0.6511
38597.0000 1308 851 0.6506
38612.3000 1308 852 0.6514
38629.0000 1309 852 0.6509
38646.8000 1309 853 0.6516
38654.0000 1310 853 0.6511
38680.0000 1311 853 0.6506
38714.0000 1312 853 0.6502
38720.9000 1312 854 0.6509
38740.0000 1313 854 0.6504
38766.0000 1314 854 0.6499
38795.0000 1315 854 0.6494
38810.3000 1315 855 0.6502
38825.0000 1316 855 0.6497
38857.0000 1317 855 0.6492
38883.0000 1318 855 0.6487
38909.0000 1319 855 0.6482
38909.6000 1319 856 0.6490
38940.0000 1320 856 0.6485
38973.0000 1321 856 0.6480
38990.3000 1321 857 0.6488
38999.0000 1322 857 0.6483
39011.5000 1322 858 0.6490
39013.7000 1322 859 0.6498
39020.3000 1322 860 0.6505
39024.0000 1323 860 0.6500
39035.2000 1323 861 0.6508
39046.5000 1323 862 0.6515
39049.0000 1324 862 0.6511
39072.7000 1324 863 0.6518
39076.3000 1324 864 0.6526
39081.0000 1325 864 0.6521
39106.7000 1325 865 0.6528
39112.0000 1326 865 0.6523
39144.0000 1327 865 0.6518
39178.0000 1328 865 0.6514
39206.0000 1329 865 0.6509
39231.0000 1330 865 0.6504
39239.7000 1330 866 0.6511
39253.6000 1330 867 0.6519
39257.0000 1331 867 0.6514
39265.3000 1331 868 0.6521
39285.0000 1332 868 0.6517
39290.7000 1332 869 0.6524
39315.0000 1333 869 0.6519
39349.0000 1334 869 0.6514
39379.0000 1335 869 0.6509
39399.9000 1335 870 0.6517
39404.0000 1336 870 0.6512
39411.7000 1336 871 0.6519
39429.0000 1337 871 0.6515
39433.9000 1337 872 0.6522
39449.8000 1337 873 0.6530
39453.8000 1337 874 0.6537
39457.0000 1338 874 0.6532
39491.0000 1339 874 0.6527
39517.0000 1340 874 0.6522
39551.0000 1341 874 0.6518
39560.2000 1341 875 0.6525
39581.0000 1342 875 0.6520
39612.0000 1343 875 0.6515
39615.0000 1343 876 0.6523
39640.0000 1344 876 0.6518
39674.0000 1345 876 0.6513
39708.0000 1346 876 0.6508
39722.1000 1346 877 0.6516
39729.4000 1346 878 0.6523
39740.0000 1347 878 0.6518
39772.0000 1348 878 0.6513
39773.7000 1348 879 0.6521
39804.0000 1349 879 0.6516
39835.0000 1350 879 0.6511
39860.4000 1350 880 0.6519
39862.0000 1351 880 0.6514
39890.0000 1352 880 0.6509
39924.0000 1353 880 0.6504
39951.5000 1353 881 0.6511
39953.0000 1354 881 0.6507
39986.0000 1355 881 0.6502
40001.9000 1355 882 0.6509
40011.0000 1356 882 0.6504
40038.9000 1356 883 0.6512
40039.0000 1357 883 0.6507
40054.6000 1357 884 0.6514
40073.0000 1358 884 0.6510
40101.5000 1358 885 0.6517
40102.0000 1359 885 0.6512
40117.0000 1359 886 0.6519
40131.0000 1360 886 0.6515
40158.0000 1361 886 0.6510
40164.1000 1361 887 0.6517
40167.2000 1361 888 0.6525
40176.4000 1361 889 0.6532
40191.0000 1362 889 0.6527
40206.6000 1362 890 0.6535
40219.0000 1363 890 0.6530
40236.0000 1363 891 0.6537
40244.0000 1364 891 0.6532
40277.0000 1365 891 0.6527
40290.2000 1365 892 0.6535
40307.0000 1366 892 0.6530
40314.0000 1366 893 0.6537
40323.2000 1366 894 0.6545
40341.0000 1367 894 0.6540
40368.0000 1368 894 0.6535
40395.0000 1369 894 0.6530
40422.0000 1370 894 0.6526
40424.3000 1370 895 0.6533
40447.0000 1371 895 0.6528
40467.9000 1371 896 0.6535
40478.0000 1372 896 0.6531
40478.3000 1372 897 0.6538
40491.9000 1372 898 0.6545
40510.0000 1373 898 0.6540
40514.5000 1373 899 0.6548
40520.7000 1373 900 0.6555
40541.0000 1374 900 0.6550
40553.3000 1374 901 0.6557
40568.0000 1375 901 0.6553
40593.0000 1376 901 0.6548
40608.8000 1376 902 0.6555
40610.9000 1376 903 0.6563
40612.0000 1376 904 0.6570
40612.2000 1376 905 0.6577
40621.0000 1377 905 0.6572
40647.0000 1378 905 0.6567
40681.0000 1379 905 0.6563
40708.9000 1379 906 0.6570
40711.0000 1380 906 0.6565
40736.0000 1381 906 0.6560
40753.6000 1381 907 0.6568
40761.0000 1382 907 0.6563
40789.0000 1383 907 0.6558
40806.3000 1383 908 0.6565
40811.8000 1383 909 0.6573
40815.0000 1384 909 0.6568
40818.1000 1384 910 0.6575
40845.0000 1385 910 0.6570
40872.0000 1385 911 0.6578
40872.0000 1386 911 0.6573
40880.3000 1386 912 0.6580
40884.0000 1386 913 0.6587
40903.0000 1387 913 0.6583
40933.0000 1388 913 0.6578
40956.8000 1388 914 0.6585
40967.0000 1389 914 0.6580
40994.0000 1390 914 0.6576
41025.0000 1391 914 0.6571
41030.8000 1391 915 0.6578
41045.4000 1391 916 0.6585
41057.0000 1392 916 0.6580
41070.8000 1392 917 0.6588
41088.0000 1393 917 0.6583
41095.3000 1393 918 0.6590
41115.0000 1394 918 0.6585
41141.0000 1395 918 0.6581
41173.0000 1396 918 0.6576
41202.0000 1397 918 0.6571
41218.6000 1397 919 0.6578
41235.0000 1398 919 0.6574
41243.6000 1398 920 0.6581
41260.0000 1399 920 0.6576
41284.4000 1399 921 0.6583
41285.0000 1400 921 0.6579
41314.0000 1401 921 0.6574
41346.0000 1402 921 0.6569
41372.0000 1403 921 0.6565
41402.4000 1403 922 0.6572
41404.0000 1404 922 0.6567
41406.5000 1404 923 0.6574
41432.0000 1405 923 0.6569
41445.9000 1405 924 0.6577
41458.7000 1405 925 0.6584
41462.0000 1406 925 0.6579
41462.1000 1406 926 0.6586
41492.0000 1407 926 0.6581
41504.9000 1407 927 0.6588
41518.0000 1408 927 0.6584
41544.0000 1409 927 0.6579
41578.0000 1410 927 0.6574
41606.9000 1410 928 0.6582
41607.0000 1411 928 0.6577
41632.0000 1412 928 0.6572
41657.0000 1413 928 0.6568
41691.0000 1414 928 0.6563
41713.2000 1414 929 0.6570
41716.0000 1415 929 0.6565
41719.7000 1415 930 0.6572
41742.0000 1416 930 0.6568
41754.8000 1416 931 0.6575
41767.0000 1417 931 0.6570
41797.8000 1417 932 0.6577
41801.0000 1418 932 0.6573
41810.7000 1418 933 0.6580
41831.0000 1419 933 0.6575
41837.9000 1419 934 0.6582
41841.4000 1419 935 0.6589
41851.6000 1419 936 0.6596
41865.0000 1420 936 0.6592
41884.5000 1420 937 0.6599
41893.0000 1421 937 0.6594
41927.0000 1422 937 0.6589
41931.9000 1422 938 0.6596
41938.0000 1422 939 0.6603
41955.0000 1423 939 0.6599
41967.3000 1423 940 0.6606
41969.7000 1423 941 0.6613
41972.9000 1423 942 0.6620
41980.8000 1423 943 0.6627
41981.0000 1424 943 0.6622
42008.0000 1425 943 0.6618
42011.0000 1425 944 0.6625
42040.0000 1426 944 0.6620
42057.4000 1426 945 0.6627
42060.8000 1426 946 0.6634
42065.0000 1427 946 0.6629
42097.0000 1428 946 0.6625
42131.0000 1429 946 0.6620
42162.4000 1429 947 0.6627
42164.0000 1430 947 0.6622
42164.6000 1430 948 0.6629
42190.0000 1431 948 0.6625
42218.0000 1431 949 0.6632
42220.0000 1432 949 0.6627
42250.0000 1433 949 0.6622
42274.1000 1433 950 0.6629
42282.0000 1434 950 0.6625
42313.0000 1435 950 0.6620
42319.7000 1435 951 0.6627
42320.7000 1435 952 0.6634
42337.2000 1435 953 0.6641
42345.0000 1436 953 0.6636
42374.0000 1437 953 0.6632
42404.0000 1438 953 0.6627
42412.1000 1438 954 0.6634
42429.9000 1438 955 0.6641
42434.5000 1438 956 0.6648
42437.0000 1439 956 0.6644
42464.0000 1440 956 0.6639
42493.0000 1441 956 0.6634
42496.2000 1441 957 0.6641
42515.9000 1441 958 0.6648
42522.0000 1442 958 0.6644
42552.0000 1443 958 0.6639
42552.5000 1443 959 0.6646
42561.6000 1443 960 0.6653
42579.0000 1444 960 0.6648
42597.3000 1444 961 0.6655
42598.1000 1444 962 0.6662
42611.0000 1445 962 0.6657
42639.0000 1446 962 0.6653
42664.0000 1447 962 0.6648
42693.0000 1448 962 0.6644
42724.0000 1449 962 0.6639
42749.0000 1450 962 0.6634
42760.4000 1450 963 0.6641
42777.0000 1451 963 0.6637
42782.6000 1451 964 0.6644
42792.7000 1451 965 0.6651
42800.4000 1451 966 0.6657
42805.0000 1452 966 0.6653
42823.4000 1452 967 0.6660
42834.0000 1453 967 0.6655
42836.4000 1453 968 0.6662
42862.0000 1454 968 0.6657
42895.8000 1454 969 0.6664
42896.0000 1455 969 0.6660
42918.2000 1455 970 0.6667
42919.2000 1455 971 0.6674
42920.4000 1455 972 0.6680
42929.0000 1456 972 0.6676
42955.0000 1457 972 0.6671
42967.3000 1457 973 0.6678
42984.0000 1458 973 0.6674
43011.0000 1459 973 0.6669
43016.1000 1459 974 0.6676
43020.2000 1459 975 0.6683
43023.5000 1459 976 0.6690
43041.0000 1460 976 0.6685
43067.8000 1460 977 0.6692
43068.0000 1461 977 0.6687
43082.4000 1461 978 0.6694
43088.7000 1461 979 0.6701
43097.0000 1462 979 0.6696
43106.0000 1462 980 0.6703
43127.0000 1463 980 0.6699
43130.8000 1463 981 0.6705
43137.5000 1463 982 0.6712
43150.1000 1463 983 0.6719
43154.0000 1464 983 0.6714
43167.9000 1464 984 0.6721
43181.0000 1465 984 0.6717
43187.7000 1465 985 0.6724
43197.2000 1465 986 0.6730
