# messageDelay  cumulativeProbability
101.5000 0.0007
157.0000 0.0014
179.9000 0.0020
213.8000 0.0027
303.2000 0.0034
333.8000 0.0041
363.1000 0.0048
436.9000 0.0055
452.6000 0.0061
465.1000 0.0068
506.3000 0.0075
511.0000 0.0082
515.6000 0.0089
517.4000 0.0096
524.1000 0.0102
531.3000 0.0109
559.6000 0.0116
606.8000 0.0123
609.9000 0.0130
618.8000 0.0137
668.8000 0.0143
697.4000 0.0150
753.8000 0.0157
759.6000 0.0164
768.5000 0.0171
783.9000 0.0178
789.2000 0.0184
794.1000 0.0191
858.6000 0.0198
899.8000 0.0205
915.2000 0.0212
1005.0000 0.0219
1007.6000 0.0225
1028.4000 0.0232
1043.3000 0.0239
1045.7000 0.0246
1054.6000 0.0253
1056.4000 0.0260
1073.6000 0.0266
1074.1000 0.0273
1129.7000 0.0280
1174.7000 0.0287
1200.4000 0.0294
1205.1000 0.0301
1225.5000 0.0307
1257.8000 0.0314
1264.5000 0.0321
1271.3000 0.0328
1282.4000 0.0335
1289.0000 0.0342
1296.7000 0.0348
1313.0000 0.0355
1316.2000 0.0362
1363.3000 0.0369
1373.0000 0.0376
1429.1000 0.0383
1454.0000 0.0389
1457.4000 0.0396
1515.0000 0.0403
1517.2000 0.0410
1518.3000 0.0417
1519.3000 0.0423
1525.6000 0.0430
1539.9000 0.0437
1562.3000 0.0444
1574.6000 0.0451
1610.8000 0.0458
1612.2000 0.0464
1618.9000 0.0471
1661.3000 0.0478
1689.4000 0.0485
1699.2000 0.0492
1710.7000 0.0499
1733.6000 0.0505
1751.2000 0.0512
1754.6000 0.0519
1780.2000 0.0526
1806.5000 0.0533
1815.0000 0.0540
1816.5000 0.0546
1854.1000 0.0553
1864.7000 0.0560
1868.3000 0.0567
1894.2000 0.0574
1898.6000 0.0581
1920.2000 0.0587
1943.3000 0.0594
1949.0000 0.0601
1964.1000 0.0608
1969.4000 0.0615
1992.9000 0.0622
2013.8000 0.0628
2034.7000 0.0635
2038.4000 0.0642
2054.3000 0.0649
2057.6000 0.0656
2083.8000 0.0663
2097.9000 0.0669
2099.3000 0.0676
2111.3000 0.0683
2163.4000 0.0690
2171.3000 0.0697
2242.2000 0.0704
2248.1000 0.0710
2248.6000 0.0717
2252.0000 0.0724
2267.1000 0.0731
2324.6000 0.0738
2330.9000 0.0745
2339.8000 0.0751
2340.4000 0.0758
2340.5000 0.0765
2372.0000 0.0772
2395.1000 0.0779
2399.8000 0.0786
2412.4000 0.0792
2430.2000 0.0799
2437.7000 0.0806
2441.7000 0.0813
2442.0000 0.0820
2445.6000 0.0827
2452.8000 0.0833
2454.0000 0.0840
2522.2000 0.0847
2550.4000 0.0854
2559.9000 0.0861
2578.3000 0.0867
2582.6000 0.0874
2584.2000 0.0881
2590.7000 0.0888
2616.5000 0.0895
2623.5000 0.0902
2624.7000 0.0908
2650.8000 0.0915
2696.5000 0.0922
2714.0000 0.0929
2742.7000 0.0936
2762.0000 0.0943
2764.1000 0.0949
2769.8000 0.0956
2774.3000 0.0963
2808.3000 0.0970
2810.1000 0.0977
2844.2000 0.0984
2849.0000 0.0990
2874.9000 0.0997
2883.1000 0.1004
2915.1000 0.1011
2932.0000 0.1018
2934.2000 0.1025
2947.0000 0.1031
2954.5000 0.1038
2956.8000 0.1045
3014.3000 0.1052
3018.4000 0.1059
3019.0000 0.1066
3023.6000 0.1072
3052.1000 0.1079
3052.3000 0.1086
3052.5000 0.1093
3064.7000 0.1100
3078.0000 0.1107
3088.2000 0.1113
3143.8000 0.1120
3146.5000 0.1127
3157.6000 0.1134
3159.7000 0.1141
3173.9000 0.1148
3183.7000 0.1154
3193.2000 0.1161
3209.7000 0.1168
3225.6000 0.1175
3240.0000 0.1182
3267.1000 0.1189
3276.3000 0.1195
3293.4000 0.1202
3325.4000 0.1209
3327.4000 0.1216
3328.6000 0.1223
3338.7000 0.1230
3349.4000 0.1236
3360.2000 0.1243
3364.7000 0.1250
3374.5000 0.1257
3377.2000 0.1264
3391.5000 0.1270
3392.8000 0.1277
3406.5000 0.1284
3417.9000 0.1291
3424.6000 0.1298
3470.5000 0.1305
3477.7000 0.1311
3515.6000 0.1318
3516.0000 0.1325
3530.1000 0.1332
3538.7000 0.1339
3542.1000 0.1346
3544.1000 0.1352
3545.9000 0.1359
3573.0000 0.1366
3575.7000 0.1373
3590.0000 0.1380
3602.3000 0.1387
3633.5000 0.1393
3673.1000 0.1400
3688.9000 0.1407
3704.9000 0.1414
3716.0000 0.1421
3728.1000 0.1428
3734.4000 0.1434
3752.8000 0.1441
3757.6000 0.1448
3773.0000 0.1455
3805.3000 0.1462
3808.2000 0.1469
3812.0000 0.1475
3827.1000 0.1482
3863.4000 0.1489
3892.2000 0.1496
3893.7000 0.1503
3895.2000 0.1510
3905.5000 0.1516
3907.7000 0.1523
3920.8000 0.1530
3921.3000 0.1537
3924.7000 0.1544
3944.4000 0.1551
3952.5000 0.1557
3958.2000 0.1564
3959.3000 0.1571
3962.0000 0.1578
3964.3000 0.1585
3964.4000 0.1592
3987.8000 0.1598
3996.9000 0.1605
4001.7000 0.1612
4032.3000 0.1619
4042.6000 0.1626
4051.3000 0.1633
4059.6000 0.1639
4062.2000 0.1646
4062.8000 0.1653
4072.6000 0.1660
4089.0000 0.1667
4104.9000 0.1673
4107.3000 0.1680
4112.6000 0.1687
4137.7000 0.1694
4169.4000 0.1701
4182.6000 0.1708
4212.4000 0.1714
4214.4000 0.1721
4226.0000 0.1728
4227.3000 0.1735
4232.6000 0.1742
4234.1000 0.1749
4249.8000 0.1755
4251.1000 0.1762
4253.2000 0.1769
4345.9000 0.1776
4356.1000 0.1783
4363.1000 0.1790
4445.1000 0.1796
4446.5000 0.1803
4450.4000 0.1810
4458.9000 0.1817
4473.9000 0.1824
4477.8000 0.1831
4501.7000 0.1837
4510.8000 0.1844
4520.6000 0.1851
4538.2000 0.1858
4547.0000 0.1865
4552.7000 0.1872
4564.9000 0.1878
4585.6000 0.1885
4589.2000 0.1892
4593.7000 0.1899
4621.9000 0.1906
4648.9000 0.1913
4662.2000 0.1919
4683.5000 0.1926
4686.7000 0.1933
4702.0000 0.1940
4705.2000 0.1947
4708.6000 0.1954
4729.6000 0.1960
4729.9000 0.1967
4734.6000 0.1974
4783.9000 0.1981
4786.5000 0.1988
4795.0000 0.1995
4797.3000 0.2001
4802.2000 0.2008
4814.6000 0.2015
4818.7000 0.2022
4824.4000 0.2029
4826.9000 0.2036
4852.0000 0.2042
4852.0000 0.2049
4862.7000 0.2056
4866.9000 0.2063
4868.6000 0.2070
4889.8000 0.2077
4892.2000 0.2083
4921.0000 0.2090
4930.3000 0.2097
4933.1000 0.2104
4936.3000 0.2111
4944.5000 0.2117
4949.8000 0.2124
4966.3000 0.2131
4977.6000 0.2138
4980.0000 0.2145
5004.5000 0.2152
5021.4000 0.2158
5048.2000 0.2165
5053.0000 0.2172
5057.2000 0.2179
5059.6000 0.2186
5064.7000 0.2193
5113.8000 0.2199
5124.7000 0.2206
5131.2000 0.2213
5141.8000 0.2220
5152.1000 0.2227
5170.8000 0.2234
5177.6000 0.2240
5191.3000 0.2247
5191.8000 0.2254
5203.5000 0.2261
5210.3000 0.2268
5216.4000 0.2275
5231.6000 0.2281
5241.6000 0.2288
5243.8000 0.2295
5247.1000 0.2302
5247.7000 0.2309
5254.5000 0.2316
5263.8000 0.2322
5303.1000 0.2329
5311.7000 0.2336
5317.0000 0.2343
5331.5000 0.2350
5332.7000 0.2357
5337.9000 0.2363
5357.8000 0.2370
5360.3000 0.2377
5378.6000 0.2384
5399.5000 0.2391
5418.6000 0.2398
5423.9000 0.2404
5442.3000 0.2411
5462.9000 0.2418
5463.5000 0.2425
5499.5000 0.2432
5506.1000 0.2439
5530.7000 0.2445
5538.6000 0.2452
5540.6000 0.2459
5579.3000 0.2466
5595.0000 0.2473
5611.7000 0.2480
5612.2000 0.2486
5626.6000 0.2493
5637.3000 0.2500
5654.6000 0.2507
5655.0000 0.2514
5658.2000 0.2520
5674.8000 0.2527
5699.1000 0.2534
5722.5000 0.2541
5728.8000 0.2548
5745.4000 0.2555
5782.4000 0.2561
5783.4000 0.2568
5803.9000 0.2575
5808.4000 0.2582
5809.6000 0.2589
5814.3000 0.2596
5822.0000 0.2602
5844.6000 0.2609
5854.5000 0.2616
5871.1000 0.2623
5892.6000 0.2630
5920.0000 0.2637
5925.2000 0.2643
5928.4000 0.2650
5968.3000 0.2657
5989.8000 0.2664
5990.0000 0.2671
5995.7000 0.2678
6008.4000 0.2684
6010.4000 0.2691
6011.4000 0.2698
6031.4000 0.2705
6031.5000 0.2712
6032.0000 0.2719
6037.2000 0.2725
6047.7000 0.2732
6054.5000 0.2739
6065.1000 0.2746
6084.7000 0.2753
6120.2000 0.2760
6124.4000 0.2766
6131.2000 0.2773
6155.6000 0.2780
6161.7000 0.2787
6168.9000 0.2794
6185.9000 0.2801
6188.4000 0.2807
6194.6000 0.2814
6203.2000 0.2821
6204.6000 0.2828
6218.9000 0.2835
6239.4000 0.2842
6261.3000 0.2848
6266.9000 0.2855
6285.7000 0.2862
6292.3000 0.2869
6294.3000 0.2876
6331.9000 0.2883
6340.5000 0.2889
6353.5000 0.2896
6360.1000 0.2903
6371.3000 0.2910
6371.3000 0.2917
6372.1000 0.2923
6378.2000 0.2930
6379.1000 0.2937
6405.2000 0.2944
6411.1000 0.2951
6412.8000 0.2958
6421.1000 0.2964
6429.6000 0.2971
6441.0000 0.2978
6446.1000 0.2985
6486.5000 0.2992
6511.4000 0.2999
6518.3000 0.3005
6524.6000 0.3012
6550.7000 0.3019
6574.1000 0.3026
6576.6000 0.3033
6625.3000 0.3040
6632.6000 0.3046
6636.8000 0.3053
6640.1000 0.3060
6648.8000 0.3067
6698.8000 0.3074
6700.3000 0.3081
6701.6000 0.3087
6708.8000 0.3094
6709.6000 0.3101
6710.1000 0.3108
6712.5000 0.3115
6729.2000 0.3122
6737.6000 0.3128
6751.1000 0.3135
6770.1000 0.3142
6770.7000 0.3149
6774.9000 0.3156
6779.2000 0.3163
6792.0000 0.3169
6797.0000 0.3176
6808.4000 0.3183
6814.0000 0.3190
6820.6000 0.3197
6821.2000 0.3204
6837.0000 0.3210
6838.0000 0.3217
6840.4000 0.3224
6840.8000 0.3231
6877.6000 0.3238
6886.2000 0.3245
6905.1000 0.3251
6909.4000 0.3258
6935.9000 0.3265
6949.2000 0.3272
6952.4000 0.3279
6953.6000 0.3286
6983.8000 0.3292
7006.1000 0.3299
7006.2000 0.3306
7007.3000 0.3313
7042.0000 0.3320
7042.2000 0.3327
7047.1000 0.3333
7047.2000 0.3340
7051.5000 0.3347
7053.4000 0.3354
7068.8000 0.3361
7069.7000 0.3367
7084.1000 0.3374
7090.3000 0.3381
7129.6000 0.3388
7148.7000 0.3395
7228.2000 0.3402
7235.8000 0.3408
7241.2000 0.3415
7269.3000 0.3422
7271.9000 0.3429
7274.8000 0.3436
7280.7000 0.3443
7286.2000 0.3449
7286.4000 0.3456
7288.1000 0.3463
7293.9000 0.3470
7295.4000 0.3477
7297.7000 0.3484
7298.9000 0.3490
7300.3000 0.3497
7351.2000 0.3504
7354.8000 0.3511
7356.5000 0.3518
7362.8000 0.3525
7391.4000 0.3531
7402.4000 0.3538
7418.7000 0.3545
7438.0000 0.3552
7455.2000 0.3559
7459.1000 0.3566
7487.2000 0.3572
7503.5000 0.3579
7507.2000 0.3586
7516.6000 0.3593
7522.2000 0.3600
7526.7000 0.3607
7530.8000 0.3613
7537.3000 0.3620
7569.1000 0.3627
7588.3000 0.3634
7609.5000 0.3641
7612.7000 0.3648
7621.0000 0.3654
7635.7000 0.3661
7637.0000 0.3668
7659.1000 0.3675
7659.5000 0.3682
7660.5000 0.3689
7664.9000 0.3695
7678.2000 0.3702
7698.3000 0.3709
7717.4000 0.3716
7729.0000 0.3723
7743.9000 0.3730
7755.5000 0.3736
7813.2000 0.3743
7851.5000 0.3750
7854.5000 0.3757
7862.2000 0.3764
7878.2000 0.3770
7889.2000 0.3777
7891.9000 0.3784
7938.7000 0.3791
7951.7000 0.3798
7956.9000 0.3805
7960.1000 0.3811
7963.8000 0.3818
7964.9000 0.3825
7969.2000 0.3832
7978.3000 0.3839
7987.3000 0.3846
7993.1000 0.3852
8000.0000 0.3859
8005.6000 0.3866
8032.5000 0.3873
8045.6000 0.3880
8092.8000 0.3887
8093.1000 0.3893
8100.6000 0.3900
8102.9000 0.3907
8108.7000 0.3914
8114.5000 0.3921
8120.9000 0.3928
8151.9000 0.3934
8164.5000 0.3941
8174.2000 0.3948
8176.6000 0.3955
8176.7000 0.3962
8183.8000 0.3969
8211.4000 0.3975
8215.8000 0.3982
8226.6000 0.3989
8242.6000 0.3996
8250.7000 0.4003
8256.4000 0.4010
8280.5000 0.4016
8286.4000 0.4023
8289.2000 0.4030
8297.4000 0.4037
8299.1000 0.4044
8320.9000 0.4051
8334.0000 0.4057
8354.1000 0.4064
8377.7000 0.4071
8381.1000 0.4078
8383.5000 0.4085
8386.0000 0.4092
8415.4000 0.4098
8416.9000 0.4105
8425.5000 0.4112
8426.0000 0.4119
8438.6000 0.4126
8445.3000 0.4133
8452.9000 0.4139
8453.8000 0.4146
8458.9000 0.4153
8465.2000 0.4160
8465.9000 0.4167
8478.9000 0.4173
8485.4000 0.4180
8499.3000 0.4187
8516.9000 0.4194
8520.7000 0.4201
8528.8000 0.4208
8544.8000 0.4214
8546.4000 0.4221
8572.2000 0.4228
8579.9000 0.4235
8600.3000 0.4242
8605.9000 0.4249
8607.8000 0.4255
8614.2000 0.4262
8654.4000 0.4269
8729.1000 0.4276
8751.1000 0.4283
8761.8000 0.4290
8765.9000 0.4296
8781.0000 0.4303
8797.7000 0.4310
8811.5000 0.4317
8869.1000 0.4324
8905.7000 0.4331
8925.4000 0.4337
8929.2000 0.4344
8932.4000 0.4351
8933.2000 0.4358
8960.0000 0.4365
8964.2000 0.4372
8971.3000 0.4378
8972.5000 0.4385
8978.4000 0.4392
8979.3000 0.4399
8985.2000 0.4406
9001.2000 0.4413
9016.0000 0.4419
9017.5000 0.4426
9043.1000 0.4433
9045.4000 0.4440
9053.7000 0.4447
9067.2000 0.4454
9067.4000 0.4460
9074.4000 0.4467
9098.8000 0.4474
9101.1000 0.4481
9120.1000 0.4488
9139.6000 0.4495
9165.0000 0.4501
9165.8000 0.4508
9169.6000 0.4515
9213.4000 0.4522
9216.3000 0.4529
9231.8000 0.4536
9274.5000 0.4542
9289.9000 0.4549
9305.2000 0.4556
9349.1000 0.4563
9387.6000 0.4570
9389.6000 0.4577
9397.5000 0.4583
9408.1000 0.4590
9416.3000 0.4597
9447.3000 0.4604
9480.6000 0.4611
9528.0000 0.4617
9538.8000 0.4624
9562.4000 0.4631
9594.6000 0.4638
9609.9000 0.4645
9619.3000 0.4652
9621.8000 0.4658
9655.9000 0.4665
9673.2000 0.4672
9675.4000 0.4679
9718.8000 0.4686
9733.8000 0.4693
9738.3000 0.4699
9745.8000 0.4706
9746.2000 0.4713
9783.1000 0.4720
9830.5000 0.4727
9892.7000 0.4734
9896.1000 0.4740
9910.9000 0.4747
9929.5000 0.4754
9958.8000 0.4761
10000.9000 0.4768
10013.4000 0.4775
10051.0000 0.4781
10058.5000 0.4788
10083.2000 0.4795
10155.3000 0.4802
10174.6000 0.4809
10176.4000 0.4816
10196.8000 0.4822
10248.5000 0.4829
10260.0000 0.4836
10268.4000 0.4843
10285.4000 0.4850
10293.1000 0.4857
10311.8000 0.4863
10336.8000 0.4870
10389.5000 0.4877
10394.8000 0.4884
10402.1000 0.4891
10431.9000 0.4898
10446.0000 0.4904
10481.4000 0.4911
10489.4000 0.4918
10489.8000 0.4925
10498.3000 0.4932
10504.0000 0.4939
10510.9000 0.4945
10523.0000 0.4952
10527.3000 0.4959
10552.6000 0.4966
10553.5000 0.4973
10580.1000 0.4980
10594.2000 0.4986
10638.3000 0.4993
10662.1000 0.5000
10673.7000 0.5007
10684.1000 0.5014
10702.8000 0.5020
10706.3000 0.5027
10741.3000 0.5034
10778.0000 0.5041
10798.8000 0.5048
10800.5000 0.5055
10819.5000 0.5061
10827.7000 0.5068
10831.6000 0.5075
10852.9000 0.5082
10857.9000 0.5089
10930.4000 0.5096
10965.8000 0.5102
10977.1000 0.5109
10984.5000 0.5116
10993.8000 0.5123
11015.7000 0.5130
11022.8000 0.5137
11034.4000 0.5143
11061.8000 0.5150
11094.1000 0.5157
11095.6000 0.5164
11106.7000 0.5171
11124.9000 0.5178
11129.3000 0.5184
11134.7000 0.5191
11146.0000 0.5198
11149.6000 0.5205
11150.9000 0.5212
11169.6000 0.5219
11169.7000 0.5225
11177.5000 0.5232
11240.3000 0.5239
11242.2000 0.5246
11248.9000 0.5253
11253.6000 0.5260
11255.1000 0.5266
11273.4000 0.5273
11293.9000 0.5280
11296.6000 0.5287
11308.2000 0.5294
11335.2000 0.5301
11344.7000 0.5307
11359.6000 0.5314
11366.4000 0.5321
11411.3000 0.5328
11424.5000 0.5335
11467.1000 0.5342
11472.4000 0.5348
11507.1000 0.5355
11513.2000 0.5362
11541.3000 0.5369
11546.8000 0.5376
11574.6000 0.5383
11575.7000 0.5389
11597.0000 0.5396
11634.2000 0.5403
11647.6000 0.5410
11654.9000 0.5417
11671.8000 0.5423
11678.2000 0.5430
11694.6000 0.5437
11697.8000 0.5444
11806.0000 0.5451
11812.9000 0.5458
11859.0000 0.5464
11869.0000 0.5471
11906.9000 0.5478
11911.5000 0.5485
11914.6000 0.5492
11916.3000 0.5499
11921.9000 0.5505
11941.0000 0.5512
11948.0000 0.5519
11970.4000 0.5526
11986.0000 0.5533
12017.9000 0.5540
12059.7000 0.5546
12072.3000 0.5553
12080.9000 0.5560
12086.5000 0.5567
12092.9000 0.5574
12114.9000 0.5581
12156.6000 0.5587
12199.7000 0.5594
12228.1000 0.5601
12245.8000 0.5608
12265.6000 0.5615
12290.8000 0.5622
12332.4000 0.5628
12338.6000 0.5635
12340.6000 0.5642
12356.3000 0.5649
12357.5000 0.5656
12383.9000 0.5663
12391.2000 0.5669
12404.6000 0.5676
12418.0000 0.5683
12474.1000 0.5690
12484.6000 0.5697
12541.3000 0.5704
12561.7000 0.5710
12566.8000 0.5717
12575.4000 0.5724
12589.9000 0.5731
12605.2000 0.5738
12628.3000 0.5745
12710.6000 0.5751
12714.9000 0.5758
12752.4000 0.5765
12800.9000 0.5772
12812.1000 0.5779
12894.4000 0.5786
12942.8000 0.5792
12962.0000 0.5799
12963.8000 0.5806
12992.7000 0.5813
13036.0000 0.5820
13059.3000 0.5827
13072.8000 0.5833
13105.8000 0.5840
13122.2000 0.5847
13136.0000 0.5854
13139.7000 0.5861
13144.0000 0.5867
13222.9000 0.5874
13227.6000 0.5881
13233.3000 0.5888
13273.9000 0.5895
13297.7000 0.5902
13314.0000 0.5908
13380.0000 0.5915
13383.8000 0.5922
13405.1000 0.5929
13435.8000 0.5936
13449.1000 0.5943
13471.1000 0.5949
13485.7000 0.5956
13489.8000 0.5963
13538.8000 0.5970
13547.1000 0.5977
13624.9000 0.5984
13635.3000 0.5990
13639.4000 0.5997
13680.4000 0.6004
13693.5000 0.6011
13718.5000 0.6018
13726.2000 0.6025
13728.6000 0.6031
13730.7000 0.6038
13750.0000 0.6045
13763.7000 0.6052
13829.1000 0.6059
13872.9000 0.6066
13894.1000 0.6072
13910.3000 0.6079
13919.0000 0.6086
13939.7000 0.6093
13940.0000 0.6100
13994.1000 0.6107
14019.5000 0.6113
14038.7000 0.6120
14154.6000 0.6127
14187.6000 0.6134
14201.5000 0.6141
14208.2000 0.6148
14293.9000 0.6154
14295.5000 0.6161
14307.7000 0.6168
14324.8000 0.6175
14334.1000 0.6182
14339.8000 0.6189
14346.3000 0.6195
14423.8000 0.6202
14461.7000 0.6209
14507.8000 0.6216
14513.6000 0.6223
14612.4000 0.6230
14632.8000 0.6236
14633.3000 0.6243
14646.3000 0.6250
14663.5000 0.6257
14666.0000 0.6264
14764.9000 0.6270
14780.4000 0.6277
14795.5000 0.6284
14830.6000 0.6291
14855.7000 0.6298
14901.5000 0.6305
14920.9000 0.6311
14970.5000 0.6318
14995.8000 0.6325
15000.1000 0.6332
15008.4000 0.6339
15027.1000 0.6346
15050.8000 0.6352
15057.5000 0.6359
15107.8000 0.6366
15118.1000 0.6373
15145.5000 0.6380
15176.3000 0.6387
15209.9000 0.6393
15244.2000 0.6400
15256.9000 0.6407
15291.1000 0.6414
15317.7000 0.6421
15359.2000 0.6428
15394.5000 0.6434
15406.1000 0.6441
15422.3000 0.6448
15434.4000 0.6455
15483.9000 0.6462
15495.7000 0.6469
15496.9000 0.6475
15533.4000 0.6482
15557.4000 0.6489
15564.9000 0.6496
15612.3000 0.6503
15703.4000 0.6510
15718.4000 0.6516
15725.1000 0.6523
15737.6000 0.6530
15741.0000 0.6537
15750.1000 0.6544
15763.4000 0.6551
15777.3000 0.6557
15813.2000 0.6564
15853.6000 0.6571
15922.3000 0.6578
15941.4000 0.6585
15973.0000 0.6592
15994.3000 0.6598
16023.9000 0.6605
16042.5000 0.6612
16057.5000 0.6619
16082.5000 0.6626
16090.3000 0.6633
16098.0000 0.6639
16120.4000 0.6646
16141.9000 0.6653
16248.6000 0.6660
16250.8000 0.6667
16262.4000 0.6673
16288.0000 0.6680
16322.5000 0.6687
16323.0000 0.6694
16383.3000 0.6701
16437.3000 0.6708
16441.6000 0.6714
16565.1000 0.6721
16598.8000 0.6728
16651.2000 0.6735
16667.5000 0.6742
16715.1000 0.6749
16745.5000 0.6755
16889.5000 0.6762
16891.6000 0.6769
16914.1000 0.6776
17078.7000 0.6783
17111.0000 0.6790
17119.1000 0.6796
17136.6000 0.6803
17225.3000 0.6810
17229.5000 0.6817
17271.8000 0.6824
17344.9000 0.6831
17369.7000 0.6837
17401.4000 0.6844
17426.2000 0.6851
17426.2000 0.6858
17433.1000 0.6865
17469.6000 0.6872
17504.1000 0.6878
17533.2000 0.6885
17538.1000 0.6892
17666.2000 0.6899
17671.8000 0.6906
17673.0000 0.6913
17675.8000 0.6919
17683.1000 0.6926
17688.8000 0.6933
17742.1000 0.6940
17743.8000 0.6947
17785.1000 0.6954
17948.6000 0.6960
