0.0 383
1.0 764
2.0 1235
3.0 1722
4.0 2353
5.0 3020
6.0 4604
7.0 6494
8.0 4002
9.0 2401
10.0 1931
11.0 1654
12.0 1604
13.0 1795
14.0 1497
15.0 1082
16.0 743
17.0 413
18.0 360
19.0 310
20.0 266
21.0 218
22.0 201
23.0 183
24.0 157
25.0 133
26.0 134
27.0 116
28.0 125
29.0 95
30.0 105
31.0 73
32.0 60
33.0 62
34.0 64
35.0 40
36.0 46
37.0 47
38.0 48
39.0 34
40.0 27
41.0 34
42.0 25
43.0 28
44.0 34
45.0 30
46.0 27
47.0 25
48.0 25
49.0 16
50.0 19
51.0 28
52.0 18
53.0 20
54.0 18
55.0 9
56.0 17
57.0 15
58.0 14
59.0 15
60.0 7
61.0 10
62.0 10
63.0 10
64.0 12
65.0 11
66.0 9
67.0 13
68.0 10
69.0 8
70.0 10
71.0 7
72.0 5
73.0 7
74.0 1
75.0 5
76.0 6
77.0 7
78.0 4
79.0 5
80.0 5
81.0 4
82.0 4
83.0 5
84.0 6
85.0 2
86.0 3
87.0 0
88.0 3
89.0 1
90.0 3
91.0 3
92.0 3
93.0 5
94.0 3
95.0 1
96.0 2
97.0 4
98.0 2
99.0 2
100.0 2
101.0 3
102.0 2
103.0 1
104.0 5
105.0 1
106.0 1
107.0 2
108.0 1
109.0 4
110.0 0
111.0 1
112.0 3
113.0 3
114.0 2
115.0 2
116.0 0
117.0 1
118.0 0
119.0 1
120.0 0
121.0 3
122.0 2
123.0 2
124.0 0
125.0 0
126.0 3
127.0 0
128.0 1
129.0 5
130.0 0
131.0 2
132.0 0
133.0 0
134.0 1
135.0 1
136.0 0
137.0 0
138.0 0
139.0 2
140.0 0
141.0 1
142.0 0
143.0 0
144.0 0
145.0 0
146.0 1
147.0 0
148.0 1
149.0 0
150.0 0
151.0 1
152.0 1
153.0 0
154.0 0
155.0 0
156.0 0
157.0 0
158.0 1
159.0 0
160.0 0
161.0 0
162.0 0
163.0 0
164.0 0
165.0 0
166.0 0
167.0 0
168.0 0
169.0 0
170.0 0
171.0 0
172.0 0
173.0 0
174.0 0
175.0 0
176.0 1
177.0 0
178.0 0
179.0 0
180.0 0
181.0 0
182.0 1
183.0 0
184.0 0
185.0 0
186.0 0
187.0 0
188.0 0
189.0 0
190.0 0
191.0 0
192.0 0
193.0 0
194.0 0
195.0 0
196.0 0
197.0 0
198.0 0
199.0 0
200.0 0
201.0 0
202.0 1
203.0 0
204.0 0
205.0 0
206.0 0
207.0 1
208.0 0
209.0 0
210.0 0
211.0 0
212.0 0
213.0 0
214.0 0
215.0 1
216.0 0
217.0 0
218.0 1
219.0 0
220.0 0
221.0 0
222.0 0
223.0 0
224.0 0
225.0 0
226.0 0
227.0 0
228.0 0
229.0 0
230.0 0
231.0 0
232.0 0
233.0 0
234.0 0
235.0 1
236.0 0
237.0 0
238.0 0
239.0 0
240.0 0
241.0 0
242.0 0
243.0 0
244.0 0
245.0 0
246.0 0
247.0 0
248.0 0
249.0 1
250.0 0
251.0 0
252.0 0
253.0 0
254.0 0
255.0 0
256.0 0
257.0 0
258.0 0
259.0 0
260.0 0
261.0 0
262.0 0
263.0 1
264.0 0
265.0 0
266.0 0
267.0 0
268.0 0
269.0 0
270.0 0
271.0 0
272.0 1
273.0 0
