# messageDelay  cumulativeProbability
2.9000 0.0007
10.3000 0.0014
24.9000 0.0020
37.0000 0.0027
46.1000 0.0034
83.6000 0.0041
103.5000 0.0048
106.9000 0.0055
131.5000 0.0061
133.4000 0.0068
151.4000 0.0075
168.7000 0.0082
183.6000 0.0089
236.1000 0.0096
238.5000 0.0102
242.6000 0.0109
245.6000 0.0116
257.8000 0.0123
288.0000 0.0130
319.0000 0.0137
327.9000 0.0143
357.0000 0.0150
371.2000 0.0157
395.5000 0.0164
419.7000 0.0171
443.5000 0.0178
445.4000 0.0184
482.4000 0.0191
497.6000 0.0198
499.8000 0.0205
504.3000 0.0212
507.4000 0.0219
518.7000 0.0225
535.8000 0.0232
567.8000 0.0239
568.4000 0.0246
640.9000 0.0253
693.7000 0.0260
704.8000 0.0266
769.3000 0.0273
815.4000 0.0280
845.8000 0.0287
888.4000 0.0294
898.5000 0.0301
944.6000 0.0307
951.3000 0.0314
953.4000 0.0321
961.7000 0.0328
982.8000 0.0335
1009.1000 0.0342
1039.4000 0.0348
1083.4000 0.0355
1104.6000 0.0362
1130.7000 0.0369
1132.4000 0.0376
1135.2000 0.0383
1179.9000 0.0389
1193.4000 0.0396
1263.1000 0.0403
1277.9000 0.0410
1279.1000 0.0417
1326.0000 0.0423
1336.3000 0.0430
1366.0000 0.0437
1414.9000 0.0444
1437.5000 0.0451
1473.7000 0.0458
1497.3000 0.0464
1540.9000 0.0471
1566.2000 0.0478
1570.1000 0.0485
1594.5000 0.0492
1597.5000 0.0499
1614.3000 0.0505
1614.7000 0.0512
1665.7000 0.0519
1668.0000 0.0526
1701.0000 0.0533
1707.4000 0.0540
1719.6000 0.0546
1746.7000 0.0553
1750.4000 0.0560
1755.8000 0.0567
1779.8000 0.0574
1835.3000 0.0581
1851.2000 0.0587
1857.6000 0.0594
1860.7000 0.0601
1868.3000 0.0608
1872.7000 0.0615
1879.7000 0.0622
1900.3000 0.0628
1911.1000 0.0635
1921.4000 0.0642
1957.0000 0.0649
1965.7000 0.0656
1967.5000 0.0663
1973.2000 0.0669
1992.7000 0.0676
1996.9000 0.0683
1999.4000 0.0690
2008.7000 0.0697
2009.9000 0.0704
2014.4000 0.0710
2020.2000 0.0717
2023.8000 0.0724
2025.4000 0.0731
2039.7000 0.0738
2055.6000 0.0745
2063.1000 0.0751
2113.5000 0.0758
2144.7000 0.0765
2183.8000 0.0772
2219.3000 0.0779
2222.6000 0.0786
2259.6000 0.0792
2276.9000 0.0799
2309.8000 0.0806
2315.5000 0.0813
2321.6000 0.0820
2332.7000 0.0827
2334.0000 0.0833
2337.9000 0.0840
2358.3000 0.0847
2400.0000 0.0854
2462.7000 0.0861
2467.2000 0.0867
2476.1000 0.0874
2483.2000 0.0881
2502.2000 0.0888
2527.3000 0.0895
2542.1000 0.0902
2544.5000 0.0908
2564.7000 0.0915
2575.6000 0.0922
2581.5000 0.0929
2582.4000 0.0936
2613.3000 0.0943
2615.5000 0.0949
2638.1000 0.0956
2640.5000 0.0963
2651.0000 0.0970
2675.0000 0.0977
2706.9000 0.0984
2733.2000 0.0990
2742.4000 0.0997
2748.2000 0.1004
2761.1000 0.1011
2776.0000 0.1018
2802.8000 0.1025
2806.5000 0.1031
2828.4000 0.1038
2856.2000 0.1045
2884.7000 0.1052
2890.5000 0.1059
2901.0000 0.1066
2903.1000 0.1072
2911.5000 0.1079
2917.3000 0.1086
2918.7000 0.1093
2921.3000 0.1100
2931.5000 0.1107
2940.9000 0.1113
2968.8000 0.1120
2983.7000 0.1127
2991.8000 0.1134
3010.9000 0.1141
3027.2000 0.1148
3031.1000 0.1154
3052.0000 0.1161
3058.4000 0.1168
3077.9000 0.1175
3081.2000 0.1182
3086.6000 0.1189
3097.5000 0.1195
3099.7000 0.1202
3117.6000 0.1209
3140.8000 0.1216
3154.5000 0.1223
3179.9000 0.1230
3211.4000 0.1236
3214.4000 0.1243
3215.3000 0.1250
3222.9000 0.1257
3233.5000 0.1264
3258.0000 0.1270
3259.4000 0.1277
3286.5000 0.1284
3287.5000 0.1291
3297.9000 0.1298
3298.8000 0.1305
3316.4000 0.1311
3320.7000 0.1318
3331.0000 0.1325
3334.8000 0.1332
3346.4000 0.1339
3348.5000 0.1346
3352.6000 0.1352
3353.3000 0.1359
3370.3000 0.1366
3371.3000 0.1373
3371.5000 0.1380
3372.0000 0.1387
3374.2000 0.1393
3380.7000 0.1400
3383.4000 0.1407
3391.6000 0.1414
3417.8000 0.1421
3418.9000 0.1428
3436.4000 0.1434
3451.4000 0.1441
3470.1000 0.1448
3472.2000 0.1455
3478.4000 0.1462
3495.9000 0.1469
3504.5000 0.1475
3509.4000 0.1482
3513.2000 0.1489
3516.3000 0.1496
3518.8000 0.1503
3525.2000 0.1510
3537.8000 0.1516
3563.9000 0.1523
3570.7000 0.1530
3579.1000 0.1537
3599.8000 0.1544
3614.8000 0.1551
3627.2000 0.1557
3629.4000 0.1564
3637.2000 0.1571
3639.7000 0.1578
3644.5000 0.1585
3651.2000 0.1592
3661.8000 0.1598
3693.0000 0.1605
3717.3000 0.1612
3725.9000 0.1619
3753.1000 0.1626
3766.3000 0.1633
3775.6000 0.1639
3787.3000 0.1646
3799.2000 0.1653
3878.5000 0.1660
3926.6000 0.1667
3931.4000 0.1673
3940.1000 0.1680
3950.1000 0.1687
3971.5000 0.1694
3978.7000 0.1701
3984.8000 0.1708
3990.2000 0.1714
3999.1000 0.1721
4027.4000 0.1728
4043.1000 0.1735
4068.3000 0.1742
4079.8000 0.1749
4081.8000 0.1755
4083.9000 0.1762
4094.6000 0.1769
4116.8000 0.1776
4145.5000 0.1783
4160.3000 0.1790
4184.5000 0.1796
4202.0000 0.1803
4232.1000 0.1810
4248.9000 0.1817
4256.1000 0.1824
4269.4000 0.1831
4270.3000 0.1837
4271.0000 0.1844
4283.8000 0.1851
4289.6000 0.1858
4293.3000 0.1865
4310.1000 0.1872
4322.7000 0.1878
4326.4000 0.1885
4334.3000 0.1892
4354.7000 0.1899
4354.9000 0.1906
4360.7000 0.1913
4375.7000 0.1919
4392.3000 0.1926
4401.5000 0.1933
4412.9000 0.1940
4439.1000 0.1947
4445.0000 0.1954
4451.6000 0.1960
4466.6000 0.1967
4486.7000 0.1974
4492.0000 0.1981
4507.9000 0.1988
4536.0000 0.1995
4537.2000 0.2001
4537.2000 0.2008
4547.7000 0.2015
4556.0000 0.2022
4581.2000 0.2029
4592.9000 0.2036
4681.1000 0.2042
4682.1000 0.2049
4692.2000 0.2056
4703.7000 0.2063
4717.2000 0.2070
4720.0000 0.2077
4721.1000 0.2083
4771.0000 0.2090
4785.0000 0.2097
4800.7000 0.2104
4802.6000 0.2111
4815.7000 0.2117
4842.1000 0.2124
4863.3000 0.2131
4886.9000 0.2138
4906.5000 0.2145
4906.6000 0.2152
4923.7000 0.2158
4933.3000 0.2165
4938.0000 0.2172
4941.8000 0.2179
4955.2000 0.2186
4957.9000 0.2193
4963.5000 0.2199
4963.6000 0.2206
5003.6000 0.2213
5035.7000 0.2220
5057.2000 0.2227
5072.9000 0.2234
5075.5000 0.2240
5085.8000 0.2247
5104.5000 0.2254
5118.4000 0.2261
5121.0000 0.2268
5124.3000 0.2275
5156.3000 0.2281
5157.7000 0.2288
5167.6000 0.2295
5171.9000 0.2302
5184.7000 0.2309
5189.3000 0.2316
5236.9000 0.2322
5249.6000 0.2329
5266.3000 0.2336
5285.1000 0.2343
5314.6000 0.2350
5337.5000 0.2357
5348.2000 0.2363
5349.9000 0.2370
5394.2000 0.2377
5410.4000 0.2384
5415.6000 0.2391
5417.0000 0.2398
5448.6000 0.2404
5449.5000 0.2411
5464.3000 0.2418
5467.1000 0.2425
5482.7000 0.2432
5489.6000 0.2439
5493.0000 0.2445
5493.4000 0.2452
5502.9000 0.2459
5503.5000 0.2466
5509.2000 0.2473
5509.2000 0.2480
5510.9000 0.2486
5514.9000 0.2493
5557.2000 0.2500
5562.3000 0.2507
5574.5000 0.2514
5601.3000 0.2520
5606.3000 0.2527
5620.1000 0.2534
5631.0000 0.2541
5646.6000 0.2548
5660.6000 0.2555
5675.7000 0.2561
5703.7000 0.2568
5733.3000 0.2575
5752.8000 0.2582
5767.4000 0.2589
5791.2000 0.2596
5794.3000 0.2602
5799.9000 0.2609
5829.4000 0.2616
5872.5000 0.2623
5884.6000 0.2630
5895.7000 0.2637
5901.4000 0.2643
5917.6000 0.2650
5918.5000 0.2657
5931.5000 0.2664
5941.8000 0.2671
5949.2000 0.2678
5950.5000 0.2684
5953.1000 0.2691
5958.9000 0.2698
5970.3000 0.2705
5977.6000 0.2712
5984.8000 0.2719
6000.8000 0.2725
6007.6000 0.2732
6008.2000 0.2739
6033.7000 0.2746
6039.5000 0.2753
6040.7000 0.2760
6047.0000 0.2766
6051.6000 0.2773
6055.7000 0.2780
6062.1000 0.2787
6088.3000 0.2794
6089.4000 0.2801
6091.8000 0.2807
6114.3000 0.2814
6123.9000 0.2821
6126.4000 0.2828
6171.2000 0.2835
6172.4000 0.2842
6185.1000 0.2848
6189.5000 0.2855
6191.9000 0.2862
6206.2000 0.2869
6206.2000 0.2876
6228.7000 0.2883
6230.6000 0.2889
6231.7000 0.2896
6234.6000 0.2903
6236.6000 0.2910
6264.7000 0.2917
6268.5000 0.2923
6278.3000 0.2930
6286.9000 0.2937
6293.4000 0.2944
6302.4000 0.2951
6312.2000 0.2958
6315.4000 0.2964
6326.3000 0.2971
6331.8000 0.2978
6334.3000 0.2985
6359.7000 0.2992
6390.4000 0.2999
6394.8000 0.3005
6405.0000 0.3012
6410.3000 0.3019
6411.7000 0.3026
6414.9000 0.3033
6472.0000 0.3040
6473.9000 0.3046
6479.2000 0.3053
6497.5000 0.3060
6498.5000 0.3067
6534.4000 0.3074
6549.6000 0.3081
6580.6000 0.3087
6581.6000 0.3094
6582.4000 0.3101
6588.9000 0.3108
6621.7000 0.3115
6666.4000 0.3122
6683.1000 0.3128
6691.8000 0.3135
6739.5000 0.3142
6752.1000 0.3149
6792.0000 0.3156
6794.9000 0.3163
6799.7000 0.3169
6799.7000 0.3176
6817.3000 0.3183
6818.4000 0.3190
6826.7000 0.3197
6860.2000 0.3204
6863.5000 0.3210
6874.8000 0.3217
6877.5000 0.3224
6927.5000 0.3231
6998.3000 0.3238
6998.8000 0.3245
7003.7000 0.3251
7013.7000 0.3258
7020.1000 0.3265
7020.8000 0.3272
7031.9000 0.3279
7040.7000 0.3286
7043.3000 0.3292
7050.0000 0.3299
7059.9000 0.3306
7067.6000 0.3313
7082.0000 0.3320
7095.0000 0.3327
7105.8000 0.3333
7114.3000 0.3340
7116.5000 0.3347
7177.7000 0.3354
7180.2000 0.3361
7181.6000 0.3367
7188.5000 0.3374
7202.1000 0.3381
7208.4000 0.3388
7247.3000 0.3395
7258.1000 0.3402
7258.5000 0.3408
7262.8000 0.3415
7274.7000 0.3422
7302.6000 0.3429
7305.1000 0.3436
7308.2000 0.3443
7310.7000 0.3449
7336.9000 0.3456
7356.9000 0.3463
7391.0000 0.3470
7394.5000 0.3477
7404.0000 0.3484
7407.7000 0.3490
7428.9000 0.3497
7430.4000 0.3504
7434.6000 0.3511
7454.3000 0.3518
7458.4000 0.3525
7471.2000 0.3531
7500.6000 0.3538
7507.6000 0.3545
7531.1000 0.3552
7540.2000 0.3559
7542.6000 0.3566
7556.3000 0.3572
7560.2000 0.3579
7565.6000 0.3586
7571.9000 0.3593
7591.8000 0.3600
7601.0000 0.3607
7620.3000 0.3613
7623.1000 0.3620
7626.8000 0.3627
7628.6000 0.3634
7630.0000 0.3641
7645.3000 0.3648
7664.5000 0.3654
7674.9000 0.3661
7676.2000 0.3668
7690.0000 0.3675
7696.1000 0.3682
7699.3000 0.3689
7738.5000 0.3695
7774.6000 0.3702
7799.2000 0.3709
7814.1000 0.3716
7816.5000 0.3723
7838.4000 0.3730
7841.6000 0.3736
7849.1000 0.3743
7870.7000 0.3750
7878.6000 0.3757
7906.1000 0.3764
7910.9000 0.3770
7914.7000 0.3777
7919.1000 0.3784
7926.4000 0.3791
7969.1000 0.3798
8003.0000 0.3805
8015.9000 0.3811
8026.5000 0.3818
8033.5000 0.3825
8037.1000 0.3832
8055.3000 0.3839
8079.4000 0.3846
8079.9000 0.3852
8084.9000 0.3859
8087.3000 0.3866
8087.7000 0.3873
8099.3000 0.3880
8103.9000 0.3887
8105.2000 0.3893
8107.8000 0.3900
8150.8000 0.3907
8152.4000 0.3914
8208.9000 0.3921
8208.9000 0.3928
8217.2000 0.3934
8234.7000 0.3941
8236.0000 0.3948
8252.8000 0.3955
8253.6000 0.3962
8259.6000 0.3969
8269.9000 0.3975
8300.8000 0.3982
8302.7000 0.3989
8348.9000 0.3996
8350.8000 0.4003
8425.3000 0.4010
8450.9000 0.4016
8462.8000 0.4023
8491.6000 0.4030
8606.6000 0.4037
8609.0000 0.4044
8610.3000 0.4051
8619.2000 0.4057
8624.0000 0.4064
8625.1000 0.4071
8630.8000 0.4078
8632.7000 0.4085
8640.0000 0.4092
8651.3000 0.4098
8658.4000 0.4105
8660.3000 0.4112
8696.5000 0.4119
8702.0000 0.4126
8716.6000 0.4133
8733.1000 0.4139
8737.6000 0.4146
8756.4000 0.4153
8766.3000 0.4160
8771.5000 0.4167
8780.3000 0.4173
8783.8000 0.4180
8785.6000 0.4187
8796.2000 0.4194
8800.8000 0.4201
8812.9000 0.4208
8843.3000 0.4214
8844.9000 0.4221
8847.7000 0.4228
8851.0000 0.4235
8875.4000 0.4242
8882.3000 0.4249
8895.1000 0.4255
8939.2000 0.4262
8952.7000 0.4269
8958.9000 0.4276
8966.1000 0.4283
8977.3000 0.4290
9015.7000 0.4296
9043.7000 0.4303
9050.2000 0.4310
9076.3000 0.4317
9128.3000 0.4324
9150.6000 0.4331
9172.9000 0.4337
9192.7000 0.4344
9224.6000 0.4351
9250.1000 0.4358
9251.2000 0.4365
9267.9000 0.4372
9289.4000 0.4378
9365.6000 0.4385
9379.1000 0.4392
9382.8000 0.4399
9401.6000 0.4406
9409.2000 0.4413
9410.0000 0.4419
9421.4000 0.4426
9460.9000 0.4433
9479.5000 0.4440
9489.3000 0.4447
9495.1000 0.4454
9514.6000 0.4460
9535.9000 0.4467
9626.7000 0.4474
9644.4000 0.4481
9652.4000 0.4488
9657.6000 0.4495
9685.1000 0.4501
9685.7000 0.4508
9686.2000 0.4515
9695.4000 0.4522
9700.2000 0.4529
9705.2000 0.4536
9736.2000 0.4542
9752.0000 0.4549
9758.0000 0.4556
9771.4000 0.4563
9772.7000 0.4570
9788.7000 0.4577
9807.5000 0.4583
9811.5000 0.4590
9820.2000 0.4597
9868.6000 0.4604
9878.9000 0.4611
9943.7000 0.4617
9959.5000 0.4624
9963.0000 0.4631
9969.0000 0.4638
9970.6000 0.4645
9976.2000 0.4652
10000.2000 0.4658
10031.4000 0.4665
10040.2000 0.4672
10052.8000 0.4679
10086.8000 0.4686
10098.2000 0.4693
10130.9000 0.4699
10138.2000 0.4706
10165.0000 0.4713
10170.2000 0.4720
10220.7000 0.4727
10236.8000 0.4734
10245.8000 0.4740
10291.1000 0.4747
10313.2000 0.4754
10332.7000 0.4761
10377.3000 0.4768
10387.1000 0.4775
10387.9000 0.4781
10392.6000 0.4788
10405.8000 0.4795
10413.1000 0.4802
10421.9000 0.4809
10445.4000 0.4816
10453.8000 0.4822
10475.8000 0.4829
10494.9000 0.4836
10505.6000 0.4843
10527.0000 0.4850
10528.1000 0.4857
10528.3000 0.4863
10528.9000 0.4870
10553.5000 0.4877
10561.5000 0.4884
10574.2000 0.4891
10645.2000 0.4898
10729.0000 0.4904
10761.7000 0.4911
10783.6000 0.4918
10790.0000 0.4925
10794.3000 0.4932
10810.6000 0.4939
10811.6000 0.4945
10886.6000 0.4952
10891.4000 0.4959
10919.9000 0.4966
10952.9000 0.4973
10953.8000 0.4980
10962.5000 0.4986
10967.4000 0.4993
10979.7000 0.5000
11015.2000 0.5007
11023.7000 0.5014
11027.3000 0.5020
11042.0000 0.5027
11050.7000 0.5034
11061.2000 0.5041
11064.6000 0.5048
11069.1000 0.5055
11069.9000 0.5061
11092.4000 0.5068
11108.0000 0.5075
11137.2000 0.5082
11150.0000 0.5089
11158.7000 0.5096
11162.2000 0.5102
11195.7000 0.5109
11285.7000 0.5116
11354.7000 0.5123
11369.1000 0.5130
11383.5000 0.5137
11390.5000 0.5143
11396.9000 0.5150
11402.6000 0.5157
11406.6000 0.5164
11464.0000 0.5171
11565.7000 0.5178
11583.5000 0.5184
11585.2000 0.5191
11596.8000 0.5198
11606.3000 0.5205
11617.2000 0.5212
11653.6000 0.5219
11653.7000 0.5225
11672.9000 0.5232
11686.8000 0.5239
11687.9000 0.5246
11708.0000 0.5253
11712.5000 0.5260
11740.7000 0.5266
11747.1000 0.5273
11793.8000 0.5280
11804.3000 0.5287
11817.3000 0.5294
11825.6000 0.5301
11871.3000 0.5307
11881.3000 0.5314
11902.7000 0.5321
11920.7000 0.5328
11958.9000 0.5335
11963.6000 0.5342
11998.8000 0.5348
12000.2000 0.5355
12004.8000 0.5362
12028.6000 0.5369
12030.0000 0.5376
12033.9000 0.5383
12054.2000 0.5389
12055.8000 0.5396
12078.8000 0.5403
12098.8000 0.5410
12134.7000 0.5417
12141.1000 0.5423
12148.2000 0.5430
12162.5000 0.5437
12189.8000 0.5444
12223.4000 0.5451
12239.4000 0.5458
12274.8000 0.5464
12292.4000 0.5471
12300.3000 0.5478
12306.6000 0.5485
12308.4000 0.5492
12318.9000 0.5499
12370.0000 0.5505
12394.3000 0.5512
12397.9000 0.5519
12420.6000 0.5526
12470.4000 0.5533
12470.6000 0.5540
12471.0000 0.5546
12644.3000 0.5553
12650.6000 0.5560
12651.6000 0.5567
12691.8000 0.5574
12691.8000 0.5581
12696.5000 0.5587
12700.2000 0.5594
12709.6000 0.5601
12736.2000 0.5608
12752.9000 0.5615
12776.1000 0.5622
12803.1000 0.5628
12814.5000 0.5635
12846.2000 0.5642
12902.8000 0.5649
12952.1000 0.5656
12980.1000 0.5663
12988.7000 0.5669
13132.2000 0.5676
13136.3000 0.5683
13140.6000 0.5690
13160.0000 0.5697
13194.3000 0.5704
13204.5000 0.5710
13246.8000 0.5717
13250.9000 0.5724
13251.4000 0.5731
13257.1000 0.5738
13276.5000 0.5745
13278.0000 0.5751
13340.1000 0.5758
13375.6000 0.5765
13382.8000 0.5772
13418.2000 0.5779
13434.4000 0.5786
13438.6000 0.5792
13460.0000 0.5799
13466.2000 0.5806
13487.0000 0.5813
13506.3000 0.5820
13563.4000 0.5827
13563.6000 0.5833
13628.6000 0.5840
13677.4000 0.5847
13692.5000 0.5854
13698.9000 0.5861
13699.8000 0.5867
13765.0000 0.5874
13776.7000 0.5881
13797.4000 0.5888
13846.4000 0.5895
13915.2000 0.5902
13935.8000 0.5908
13958.6000 0.5915
13964.0000 0.5922
14036.5000 0.5929
14097.7000 0.5936
14132.7000 0.5943
14174.5000 0.5949
14198.9000 0.5956
14224.4000 0.5963
14232.3000 0.5970
14247.6000 0.5977
14308.8000 0.5984
14310.8000 0.5990
14329.3000 0.5997
14446.2000 0.6004
14457.6000 0.6011
14461.1000 0.6018
14466.5000 0.6025
14483.1000 0.6031
14619.2000 0.6038
14619.5000 0.6045
14648.4000 0.6052
14660.8000 0.6059
14704.2000 0.6066
14718.1000 0.6072
14800.1000 0.6079
14830.1000 0.6086
14830.9000 0.6093
14883.6000 0.6100
14908.1000 0.6107
14958.6000 0.6113
14964.6000 0.6120
15052.6000 0.6127
15232.3000 0.6134
15273.7000 0.6141
15279.7000 0.6148
15288.7000 0.6154
15447.9000 0.6161
15448.7000 0.6168
15522.8000 0.6175
15532.9000 0.6182
15574.7000 0.6189
15576.5000 0.6195
15584.5000 0.6202
15629.8000 0.6209
15681.7000 0.6216
15705.0000 0.6223
15772.2000 0.6230
15784.2000 0.6236
15863.2000 0.6243
15920.9000 0.6250
15921.4000 0.6257
15980.6000 0.6264
16005.8000 0.6270
16017.0000 0.6277
16019.3000 0.6284
16025.4000 0.6291
16054.3000 0.6298
16076.0000 0.6305
16106.0000 0.6311
16165.8000 0.6318
16192.8000 0.6325
16195.4000 0.6332
16210.6000 0.6339
16259.3000 0.6346
16300.0000 0.6352
16303.4000 0.6359
16339.6000 0.6366
16378.1000 0.6373
16438.6000 0.6380
16490.1000 0.6387
16520.0000 0.6393
16566.6000 0.6400
16593.2000 0.6407
16596.6000 0.6414
16600.9000 0.6421
16620.5000 0.6428
16639.4000 0.6434
16707.7000 0.6441
16881.7000 0.6448
16899.2000 0.6455
16931.4000 0.6462
16946.4000 0.6469
16971.1000 0.6475
16986.6000 0.6482
16989.6000 0.6489
17010.3000 0.6496
17057.8000 0.6503
17080.0000 0.6510
17207.1000 0.6516
17248.3000 0.6523
17372.7000 0.6530
17400.5000 0.6537
17415.8000 0.6544
17498.8000 0.6551
17505.1000 0.6557
17564.9000 0.6564
17570.1000 0.6571
17577.2000 0.6578
17720.4000 0.6585
17902.7000 0.6592
