# time  created  delivered  delivered/created
33.0000 1 0 0.0000
62.0000 2 0 0.0000
93.0000 3 0 0.0000
119.0000 4 0 0.0000
147.0000 5 0 0.0000
173.0000 6 0 0.0000
200.0000 7 0 0.0000
226.0000 8 0 0.0000
251.0000 9 0 0.0000
281.0000 10 0 0.0000
309.0000 11 0 0.0000
337.0000 12 0 0.0000
364.0000 13 0 0.0000
394.0000 14 0 0.0000
420.0000 15 0 0.0000
446.0000 16 0 0.0000
474.0000 17 0 0.0000
499.0000 18 0 0.0000
527.0000 19 0 0.0000
557.0000 20 0 0.0000
583.0000 21 0 0.0000
611.0000 22 0 0.0000
640.0000 23 0 0.0000
673.0000 24 0 0.0000
704.0000 25 0 0.0000
729.0000 26 0 0.0000
756.0000 27 0 0.0000
782.0000 28 0 0.0000
809.0000 29 0 0.0000
837.0000 30 0 0.0000
864.0000 31 0 0.0000
888.0000 31 1 0.0323
892.0000 32 1 0.0313
917.0000 33 1 0.0303
943.0000 34 1 0.0294
969.0000 35 1 0.0286
999.0000 36 1 0.0278
1024.0000 37 1 0.0270
1055.0000 38 1 0.0263
1080.0000 39 1 0.0256
1105.0000 40 1 0.0250
1133.0000 41 1 0.0244
1161.0000 42 1 0.0238
1195.0000 43 1 0.0233
1222.0000 44 1 0.0227
1249.0000 45 1 0.0222
1283.0000 46 1 0.0217
1316.0000 47 1 0.0213
1350.0000 48 1 0.0208
1377.0000 49 1 0.0204
1379.6000 49 2 0.0408
1410.0000 50 2 0.0400
1440.0000 51 2 0.0392
1472.1000 51 3 0.0588
1474.0000 52 3 0.0577
1501.0000 53 3 0.0566
1534.0000 54 3 0.0556
1560.0000 55 3 0.0545
1591.0000 56 3 0.0536
1620.0000 57 3 0.0526
1646.0000 58 3 0.0517
1678.0000 59 3 0.0508
1712.0000 60 3 0.0500
1738.0000 61 3 0.0492
1769.0000 62 3 0.0484
1800.0000 63 3 0.0476
1826.0000 64 3 0.0469
1852.0000 65 3 0.0462
1883.0000 66 3 0.0455
1908.0000 67 3 0.0448
1939.0000 68 3 0.0441
1966.0000 69 3 0.0435
1997.0000 70 3 0.0429
2027.0000 71 3 0.0423
2042.2000 71 4 0.0563
2059.0000 72 4 0.0556
2077.5000 72 5 0.0694
2088.0000 73 5 0.0685
2118.0000 74 5 0.0676
2134.6000 74 6 0.0811
2146.0000 75 6 0.0800
2171.0000 76 6 0.0789
2204.0000 77 6 0.0779
2210.1000 77 7 0.0909
2230.0000 78 7 0.0897
2257.0000 79 7 0.0886
2286.8000 79 8 0.1013
2287.0000 80 8 0.1000
2316.0000 81 8 0.0988
2346.0000 82 8 0.0976
2371.0000 83 8 0.0964
2405.0000 83 9 0.1084
2405.0000 84 9 0.1071
2431.0000 85 9 0.1059
2459.0000 86 9 0.1047
2490.0000 87 9 0.1034
2522.0000 88 9 0.1023
2541.3000 88 10 0.1136
2553.0000 89 10 0.1124
2582.0000 90 10 0.1111
2609.0000 91 10 0.1099
2636.0000 92 10 0.1087
2666.0000 93 10 0.1075
2693.0000 94 10 0.1064
2721.0000 95 10 0.1053
2728.9000 95 11 0.1158
2750.3000 95 12 0.1263
2755.0000 96 12 0.1250
2784.0000 97 12 0.1237
2815.0000 98 12 0.1224
2849.0000 99 12 0.1212
2880.0000 100 12 0.1200
2907.6000 100 13 0.1300
2910.0000 101 13 0.1287
2919.0000 101 14 0.1386
2941.0000 102 14 0.1373
2959.5000 102 15 0.1471
2969.0000 103 15 0.1456
2972.3000 103 16 0.1553
3003.0000 104 16 0.1538
3032.0000 105 16 0.1524
3064.0000 106 16 0.1509
3093.0000 107 16 0.1495
3122.0000 108 16 0.1481
3156.0000 109 16 0.1468
3179.2000 109 17 0.1560
3183.0000 110 17 0.1545
3210.0000 111 17 0.1532
3240.0000 112 17 0.1518
3269.0000 113 17 0.1504
3298.0000 114 17 0.1491
3325.0000 115 17 0.1478
3350.0000 116 17 0.1466
3384.0000 117 17 0.1453
3385.8000 117 18 0.1538
3417.0000 118 18 0.1525
3431.6000 118 19 0.1610
3442.0000 119 19 0.1597
3469.0000 120 19 0.1583
3497.0000 121 19 0.1570
3522.0000 122 19 0.1557
3552.0000 123 19 0.1545
3581.0000 124 19 0.1532
3607.0000 125 19 0.1520
3636.0000 126 19 0.1508
3670.0000 127 19 0.1496
3696.0000 128 19 0.1484
3706.7000 128 20 0.1563
3724.0000 129 20 0.1550
3758.0000 130 20 0.1538
3768.1000 130 21 0.1615
3790.0000 131 21 0.1603
3815.0000 132 21 0.1591
3843.0000 133 21 0.1579
3863.8000 133 22 0.1654
3875.0000 134 22 0.1642
3892.7000 134 23 0.1716
3903.0000 135 23 0.1704
3905.7000 135 24 0.1778
3934.4000 135 25 0.1852
3935.0000 136 25 0.1838
3960.0000 137 25 0.1825
3992.0000 138 25 0.1812
3993.2000 138 26 0.1884
4026.0000 139 26 0.1871
4043.8000 139 27 0.1942
4054.0000 140 27 0.1929
4088.0000 141 27 0.1915
4118.0000 142 27 0.1901
4152.0000 143 27 0.1888
4186.0000 144 27 0.1875
4198.2000 144 28 0.1944
4213.0000 145 28 0.1931
4245.0000 146 28 0.1918
4274.0000 146 29 0.1986
4278.0000 147 29 0.1973
4307.0000 148 29 0.1959
4339.0000 149 29 0.1946
4365.0000 150 29 0.1933
4394.9000 150 30 0.2000
4399.0000 151 30 0.1987
4400.2000 151 31 0.2053
4428.0000 152 31 0.2039
4459.0000 153 31 0.2026
4489.7000 153 32 0.2092
4491.0000 154 32 0.2078
4510.3000 154 33 0.2143
4516.0000 155 33 0.2129
4544.0000 156 33 0.2115
4571.9000 156 34 0.2179
4573.0000 157 34 0.2166
4592.4000 157 35 0.2229
4598.0000 158 35 0.2215
4628.0000 159 35 0.2201
4661.0000 160 35 0.2188
4661.8000 160 36 0.2250
4689.0000 161 36 0.2236
4719.0000 162 36 0.2222
4726.0000 162 37 0.2284
4751.0000 163 37 0.2270
4785.0000 164 37 0.2256
4792.7000 164 38 0.2317
4818.0000 165 38 0.2303
4844.0000 166 38 0.2289
4871.0000 167 38 0.2275
4900.0000 168 38 0.2262
4929.0000 169 38 0.2249
4941.6000 169 39 0.2308
4954.0000 170 39 0.2294
4986.0000 171 39 0.2281
5014.0000 172 39 0.2267
5025.1000 172 40 0.2326
5048.0000 173 40 0.2312
5073.0000 174 40 0.2299
5102.0000 175 40 0.2286
5132.0000 176 40 0.2273
5133.3000 176 41 0.2330
5160.0000 177 41 0.2316
5191.0000 178 41 0.2303
5217.0000 179 41 0.2291
5228.8000 179 42 0.2346
5250.0000 180 42 0.2333
5279.9000 180 43 0.2389
5282.0000 181 43 0.2376
5309.0000 182 43 0.2363
5335.0000 183 43 0.2350
5360.0000 184 43 0.2337
5384.5000 184 44 0.2391
5390.0000 185 44 0.2378
5418.0000 186 44 0.2366
5431.6000 186 45 0.2419
5445.9000 186 46 0.2473
5450.0000 187 46 0.2460
5481.6000 187 47 0.2513
5484.0000 188 47 0.2500
5511.0000 189 47 0.2487
5537.0000 190 47 0.2474
5537.2000 190 48 0.2526
5565.0000 191 48 0.2513
5594.0000 192 48 0.2500
5625.0000 193 48 0.2487
5656.0000 194 48 0.2474
5666.1000 194 49 0.2526
5689.0000 195 49 0.2513
5711.3000 195 50 0.2564
5718.0000 196 50 0.2551
5739.9000 196 51 0.2602
5743.0000 197 51 0.2589
5774.0000 198 51 0.2576
5774.7000 198 52 0.2626
5801.5000 198 53 0.2677
5807.0000 199 53 0.2663
5832.0000 200 53 0.2650
5862.0000 201 53 0.2637
5887.0000 202 53 0.2624
5904.1000 202 54 0.2673
5920.0000 203 54 0.2660
5954.0000 204 54 0.2647
5980.0000 205 54 0.2634
6001.1000 205 55 0.2683
6010.0000 206 55 0.2670
6023.0000 206 56 0.2718
6042.0000 207 56 0.2705
6057.6000 207 57 0.2754
6073.0000 208 57 0.2740
6100.0000 209 57 0.2727
6120.7000 209 58 0.2775
6132.0000 210 58 0.2762
6157.0000 211 58 0.2749
6189.0000 212 58 0.2736
6222.0000 213 58 0.2723
6251.0000 214 58 0.2710
6280.0000 215 58 0.2698
6306.0000 216 58 0.2685
6337.0000 217 58 0.2673
6342.1000 217 59 0.2719
6362.0000 218 59 0.2706
6392.0000 219 59 0.2694
6425.8000 219 60 0.2740
6426.0000 220 60 0.2727
6460.0000 221 60 0.2715
6488.0000 222 60 0.2703
6489.9000 222 61 0.2748
6514.0000 223 61 0.2735
6538.5000 223 62 0.2780
6542.0000 224 62 0.2768
6569.0000 225 62 0.2756
6598.0000 226 62 0.2743
6625.0000 227 62 0.2731
6647.6000 227 63 0.2775
6649.2000 227 64 0.2819
6657.0000 228 64 0.2807
6690.0000 229 64 0.2795
6721.0000 230 64 0.2783
6754.0000 231 64 0.2771
6779.0000 232 64 0.2759
6810.0000 233 64 0.2747
6841.1000 233 65 0.2790
6843.0000 234 65 0.2778
6851.4000 234 66 0.2821
6862.3000 234 67 0.2863
6868.0000 235 67 0.2851
6893.5000 235 68 0.2894
6899.0000 236 68 0.2881
6929.2000 236 69 0.2924
6931.0000 237 69 0.2911
6956.0000 238 69 0.2899
6964.2000 238 70 0.2941
6974.5000 238 71 0.2983
6984.0000 239 71 0.2971
7015.0000 240 71 0.2958
7027.8000 240 72 0.3000
7042.0000 241 72 0.2988
7074.0000 242 72 0.2975
7079.6000 242 73 0.3017
7098.4000 242 74 0.3058
7105.0000 243 74 0.3045
7134.2000 243 75 0.3086
7137.0000 244 75 0.3074
7141.2000 244 76 0.3115
7167.2000 244 77 0.3156
7168.0000 245 77 0.3143
7183.0000 245 78 0.3184
7189.3000 245 79 0.3224
7202.0000 246 79 0.3211
7227.9000 246 80 0.3252
7232.0000 247 80 0.3239
7233.6000 247 81 0.3279
7256.7000 247 82 0.3320
7262.0000 248 82 0.3306
7289.0000 249 82 0.3293
7313.3000 249 83 0.3333
7320.0000 250 83 0.3320
7345.0000 251 83 0.3307
7373.0000 252 83 0.3294
7386.3000 252 84 0.3333
7400.0000 253 84 0.3320
7429.0000 254 84 0.3307
7462.0000 255 84 0.3294
7492.0000 256 84 0.3281
7510.8000 256 85 0.3320
7524.0000 257 85 0.3307
7555.0000 258 85 0.3295
7570.3000 258 86 0.3333
7584.0000 259 86 0.3320
7586.5000 259 87 0.3359
7590.0000 259 88 0.3398
7608.2000 259 89 0.3436
7617.0000 260 89 0.3423
7647.0000 261 89 0.3410
7668.4000 261 90 0.3448
7678.0000 262 90 0.3435
7709.0000 263 90 0.3422
7722.1000 263 91 0.3460
7728.2000 263 92 0.3498
7737.0000 264 92 0.3485
7764.0000 265 92 0.3472
7768.2000 265 93 0.3509
7791.0000 266 93 0.3496
7817.0000 267 93 0.3483
7822.2000 267 94 0.3521
7827.9000 267 95 0.3558
7848.0000 268 95 0.3545
7879.0000 269 95 0.3532
7902.7000 269 96 0.3569
7904.0000 270 96 0.3556
7916.0000 270 97 0.3593
7933.0000 271 97 0.3579
7940.3000 271 98 0.3616
7963.0000 272 98 0.3603
7990.0000 273 98 0.3590
8019.0000 274 98 0.3577
8019.8000 274 99 0.3613
8046.0000 275 99 0.3600
8075.0000 276 99 0.3587
8094.6000 276 100 0.3623
8106.0000 277 100 0.3610
8132.0000 278 100 0.3597
8158.0000 279 100 0.3584
8167.0000 279 101 0.3620
8184.0000 280 101 0.3607
8188.1000 280 102 0.3643
8217.0000 281 102 0.3630
8222.5000 281 103 0.3665
8244.0000 282 103 0.3652
8267.8000 282 104 0.3688
8269.8000 282 105 0.3723
8272.0000 283 105 0.3710
8300.0000 284 105 0.3697
8332.0000 285 105 0.3684
8362.0000 286 105 0.3671
8392.0000 287 105 0.3659
8417.0000 288 105 0.3646
8429.9000 288 106 0.3681
8444.0000 289 106 0.3668
8473.0000 290 106 0.3655
8487.3000 290 107 0.3690
8487.9000 290 108 0.3724
8506.0000 291 108 0.3711
8538.0000 292 108 0.3699
8568.0000 293 108 0.3686
8601.0000 294 108 0.3673
8627.0000 295 108 0.3661
8647.3000 295 109 0.3695
8656.0000 296 109 0.3682
8681.0000 297 109 0.3670
8696.2000 297 110 0.3704
8707.0000 298 110 0.3691
8715.9000 298 111 0.3725
8738.0000 299 111 0.3712
8748.7000 299 112 0.3746
8768.0000 300 112 0.3733
8796.0000 301 112 0.3721
8821.9000 301 113 0.3754
8828.0000 302 113 0.3742
8840.2000 302 114 0.3775
8857.0000 303 114 0.3762
8887.0000 304 114 0.3750
8912.4000 304 115 0.3783
8921.0000 305 115 0.3770
8935.3000 305 116 0.3803
8941.3000 305 117 0.3836
8951.0000 306 117 0.3824
8983.0000 307 117 0.3811
8983.9000 307 118 0.3844
9015.0000 308 118 0.3831
9044.0000 309 118 0.3819
9052.3000 309 119 0.3851
9058.6000 309 120 0.3883
9061.8000 309 121 0.3916
9078.0000 310 121 0.3903
9108.0000 311 121 0.3891
9141.0000 312 121 0.3878
9168.0000 313 121 0.3866
9200.0000 314 121 0.3854
9215.3000 314 122 0.3885
9224.9000 314 123 0.3917
9229.0000 315 123 0.3905
9259.0000 316 123 0.3892
9280.2000 316 124 0.3924
9290.0000 317 124 0.3912
9310.0000 317 125 0.3943
9317.0000 318 125 0.3931
9324.1000 318 126 0.3962
9331.5000 318 127 0.3994
9339.3000 318 128 0.4025
9342.0000 319 128 0.4013
9347.4000 319 129 0.4044
9367.0000 320 129 0.4031
9370.4000 320 130 0.4063
9396.0000 321 130 0.4050
9414.3000 321 131 0.4081
9425.0000 322 131 0.4068
9449.9000 322 132 0.4099
9451.0000 323 132 0.4087
9485.0000 324 132 0.4074
9506.4000 324 133 0.4105
9511.0000 325 133 0.4092
9543.0000 326 133 0.4080
9569.0000 327 133 0.4067
9594.0000 328 133 0.4055
9621.0000 329 133 0.4043
9649.0000 330 133 0.4030
9666.8000 330 134 0.4061
9676.0000 331 134 0.4048
9688.6000 331 135 0.4079
9703.0000 332 135 0.4066
9728.0000 333 135 0.4054
9756.0000 334 135 0.4042
9783.0000 335 135 0.4030
9815.5000 335 136 0.4060
9816.0000 336 136 0.4048
9833.1000 336 137 0.4077
9844.0000 337 137 0.4065
9876.0000 338 137 0.4053
9910.0000 339 137 0.4041
9943.0000 340 137 0.4029
9943.5000 340 138 0.4059
9977.0000 341 138 0.4047
10000.9000 341 139 0.4076
10008.0000 342 139 0.4064
10034.0000 343 139 0.4052
10055.1000 343 140 0.4082
10060.0000 344 140 0.4070
10069.5000 344 141 0.4099
10071.0000 344 142 0.4128
10088.0000 345 142 0.4116
10118.0000 346 142 0.4104
10147.0000 347 142 0.4092
10147.0000 347 143 0.4121
10175.0000 348 143 0.4109
10204.0000 349 143 0.4097
10223.1000 349 144 0.4126
10234.0000 350 144 0.4114
10267.0000 351 144 0.4103
10300.0000 352 144 0.4091
10331.0000 353 144 0.4079
10331.3000 353 145 0.4108
10358.0000 354 145 0.4096
10362.9000 354 146 0.4124
10372.2000 354 147 0.4153
10375.6000 354 148 0.4181
10392.0000 355 148 0.4169
10425.0000 356 148 0.4157
10453.0000 357 148 0.4146
10484.0000 358 148 0.4134
10515.0000 359 148 0.4123
10546.0000 360 148 0.4111
10562.4000 360 149 0.4139
10575.0000 361 149 0.4127
10609.0000 362 149 0.4116
10641.0000 363 149 0.4105
10650.8000 363 150 0.4132
10675.0000 364 150 0.4121
10706.0000 365 150 0.4110
10721.0000 365 151 0.4137
10737.0000 366 151 0.4126
10764.3000 366 152 0.4153
10770.0000 367 152 0.4142
10799.0000 368 152 0.4130
10827.0000 369 152 0.4119
10861.0000 370 152 0.4108
10888.2000 370 153 0.4135
10889.0000 371 153 0.4124
10919.0000 372 153 0.4113
10933.5000 372 154 0.4140
10949.0000 373 154 0.4129
10979.0000 374 154 0.4118
11010.0000 375 154 0.4107
11041.0000 376 154 0.4096
11069.0000 377 154 0.4085
11073.2000 377 155 0.4111
11091.2000 377 156 0.4138
11095.0000 378 156 0.4127
11129.0000 379 156 0.4116
11140.8000 379 157 0.4142
11145.1000 379 158 0.4169
11149.0000 379 159 0.4195
11150.9000 379 160 0.4222
11151.0000 379 161 0.4248
11155.0000 380 161 0.4237
11171.5000 380 162 0.4263
11186.0000 381 162 0.4252
11211.0000 382 162 0.4241
11245.0000 383 162 0.4230
11276.7000 383 163 0.4256
11279.0000 384 163 0.4245
11308.7000 384 164 0.4271
11312.0000 385 164 0.4260
11319.6000 385 165 0.4286
11343.0000 386 165 0.4275
11372.0000 387 165 0.4264
11401.0000 388 165 0.4253
11412.9000 388 166 0.4278
11433.0000 389 166 0.4267
11458.0000 390 166 0.4256
11488.0000 391 166 0.4246
11518.0000 392 166 0.4235
11548.0000 393 166 0.4224
11577.0000 394 166 0.4213
11610.0000 395 166 0.4203
11614.7000 395 167 0.4228
11641.0000 396 167 0.4217
11673.0000 397 167 0.4207
11684.3000 397 168 0.4232
11691.0000 397 169 0.4257
11694.8000 397 170 0.4282
11700.0000 398 170 0.4271
11702.5000 398 171 0.4296
11726.0000 399 171 0.4286
11747.5000 399 172 0.4311
11760.0000 400 172 0.4300
11792.0000 401 172 0.4289
11821.0000 402 172 0.4279
11852.0000 403 172 0.4268
11878.0000 404 172 0.4257
11899.4000 404 173 0.4282
11906.6000 404 174 0.4307
11909.0000 405 174 0.4296
11938.4000 405 175 0.4321
11943.0000 406 175 0.4310
11959.8000 406 176 0.4335
11973.0000 407 176 0.4324
12004.0000 408 176 0.4314
12031.0000 409 176 0.4303
12064.0000 410 176 0.4293
12084.7000 410 177 0.4317
12091.0000 411 177 0.4307
12092.4000 411 178 0.4331
12096.3000 411 179 0.4355
12118.0000 412 179 0.4345
12137.0000 412 180 0.4369
12146.0000 413 180 0.4358
12156.3000 413 181 0.4383
12171.0000 414 181 0.4372
12182.6000 414 182 0.4396
12198.0000 415 182 0.4386
12226.0000 416 182 0.4375
12258.0000 417 182 0.4365
12292.0000 418 182 0.4354
12324.0000 419 182 0.4344
12339.1000 419 183 0.4368
12357.0000 420 183 0.4357
12361.6000 420 184 0.4381
12390.0000 421 184 0.4371
12415.0000 422 184 0.4360
12440.0000 423 184 0.4350
12473.0000 424 184 0.4340
12493.7000 424 185 0.4363
12500.0000 425 185 0.4353
12506.0000 425 186 0.4376
12520.9000 425 187 0.4400
12526.3000 425 188 0.4424
12532.0000 426 188 0.4413
12552.6000 426 189 0.4437
12558.0000 427 189 0.4426
12592.0000 428 189 0.4416
12597.3000 428 190 0.4439
12625.0000 429 190 0.4429
12658.0000 430 190 0.4419
12663.3000 430 191 0.4442
12684.0000 431 191 0.4432
12696.2000 431 192 0.4455
12715.0000 432 192 0.4444
12748.0000 433 192 0.4434
12768.3000 433 193 0.4457
12782.0000 434 193 0.4447
12815.0000 435 193 0.4437
12849.0000 436 193 0.4427
12852.1000 436 194 0.4450
12853.8000 436 195 0.4472
12877.0000 437 195 0.4462
12877.8000 437 196 0.4485
12879.0000 437 197 0.4508
12888.4000 437 198 0.4531
12909.0000 438 198 0.4521
12926.9000 438 199 0.4543
12943.0000 439 199 0.4533
12974.0000 440 199 0.4523
13002.0000 441 199 0.4512
13034.0000 442 199 0.4502
13054.1000 442 200 0.4525
13067.0000 443 200 0.4515
13072.2000 443 201 0.4537
13099.0000 444 201 0.4527
13124.0000 445 201 0.4517
13133.8000 445 202 0.4539
13142.0000 445 203 0.4562
13149.0000 446 203 0.4552
13165.2000 446 204 0.4574
13180.0000 447 204 0.4564
13206.0000 448 204 0.4554
13211.1000 448 205 0.4576
13226.6000 448 206 0.4598
13237.0000 449 206 0.4588
13239.5000 449 207 0.4610
13252.6000 449 208 0.4633
13257.5000 449 209 0.4655
13271.0000 450 209 0.4644
13301.0000 451 209 0.4634
13334.0000 452 209 0.4624
13348.8000 452 210 0.4646
13357.1000 452 211 0.4668
13365.0000 453 211 0.4658
13398.0000 454 211 0.4648
13425.0000 455 211 0.4637
13455.2000 455 212 0.4659
13457.5000 455 213 0.4681
13459.0000 456 213 0.4671
13460.6000 456 214 0.4693
13487.0000 457 214 0.4683
13514.0000 458 214 0.4672
13541.0000 458 215 0.4694
13542.0000 459 215 0.4684
13568.0000 460 215 0.4674
13596.0000 461 215 0.4664
13628.0000 462 215 0.4654
13656.0000 463 215 0.4644
13669.0000 463 216 0.4665
13683.0000 464 216 0.4655
13712.0000 465 216 0.4645
13719.1000 465 217 0.4667
13739.0000 466 217 0.4657
13770.0000 467 217 0.4647
13799.0000 468 217 0.4637
13817.8000 468 218 0.4658
13830.0000 469 218 0.4648
13855.0000 470 218 0.4638
13885.0000 471 218 0.4628
13911.9000 471 219 0.4650
13915.0000 472 219 0.4640
13947.0000 473 219 0.4630
13975.0000 474 219 0.4620
14002.0000 475 219 0.4611
14025.5000 475 220 0.4632
14031.0000 476 220 0.4622
14056.0000 477 220 0.4612
14084.0000 478 220 0.4603
14117.0000 479 220 0.4593
14132.0000 479 221 0.4614
14137.8000 479 222 0.4635
14140.5000 479 223 0.4656
14149.0000 480 223 0.4646
14166.1000 480 224 0.4667
14180.1000 480 225 0.4688
14182.0000 481 225 0.4678
14191.6000 481 226 0.4699
14215.0000 482 226 0.4689
14249.0000 483 226 0.4679
14253.1000 483 227 0.4700
14274.7000 483 228 0.4720
14276.8000 483 229 0.4741
14277.0000 484 229 0.4731
14311.0000 485 229 0.4722
14338.7000 485 230 0.4742
14341.0000 486 230 0.4733
14345.3000 486 231 0.4753
14351.8000 486 232 0.4774
14366.0000 487 232 0.4764
14392.4000 487 233 0.4784
14395.7000 487 234 0.4805
14396.0000 488 234 0.4795
14422.0000 489 234 0.4785
14438.5000 489 235 0.4806
14453.0000 490 235 0.4796
14487.0000 491 235 0.4786
14514.0000 492 235 0.4776
14540.4000 492 236 0.4797
14542.0000 493 236 0.4787
14571.0000 494 236 0.4777
14571.3000 494 237 0.4798
14593.4000 494 238 0.4818
14596.4000 494 239 0.4838
14605.0000 495 239 0.4828
14632.0000 496 239 0.4819
14665.0000 497 239 0.4809
14697.0000 498 239 0.4799
14704.6000 498 240 0.4819
14727.0000 499 240 0.4810
14729.2000 499 241 0.4830
14761.0000 500 241 0.4820
14787.0000 501 241 0.4810
14819.0000 502 241 0.4801
14820.3000 502 242 0.4821
14832.8000 502 243 0.4841
14846.0000 503 243 0.4831
14875.0000 504 243 0.4821
14901.0000 505 243 0.4812
14910.5000 505 244 0.4832
14921.1000 505 245 0.4851
14927.0000 506 245 0.4842
14931.0000 506 246 0.4862
14941.1000 506 247 0.4881
14953.1000 506 248 0.4901
14959.0000 507 248 0.4892
14989.0000 508 248 0.4882
15018.0000 509 248 0.4872
15044.0000 510 248 0.4863
15067.1000 510 249 0.4882
15076.0000 511 249 0.4873
15085.0000 511 250 0.4892
15095.5000 511 251 0.4912
15104.4000 511 252 0.4932
15105.4000 511 253 0.4951
15110.0000 512 253 0.4941
15141.0000 513 253 0.4932
15169.0000 514 253 0.4922
15200.0000 515 253 0.4913
15207.5000 515 254 0.4932
15226.0000 516 254 0.4922
15251.0000 517 254 0.4913
15283.0000 518 254 0.4903
15315.0000 519 254 0.4894
15346.0000 520 254 0.4885
15378.0000 521 254 0.4875
15412.0000 522 254 0.4866
15443.0000 523 254 0.4857
15455.3000 523 255 0.4876
15464.6000 523 256 0.4895
15470.0000 524 256 0.4885
15498.0000 525 256 0.4876
15526.0000 526 256 0.4867
15526.9000 526 257 0.4886
15529.6000 526 258 0.4905
15558.6000 526 259 0.4924
15559.0000 527 259 0.4915
15567.2000 527 260 0.4934
15584.0000 528 260 0.4924
15601.5000 528 261 0.4943
15614.0000 529 261 0.4934
15644.0000 530 261 0.4925
15677.0000 531 261 0.4915
15702.4000 531 262 0.4934
15709.0000 532 262 0.4925
15737.0000 533 262 0.4916
15763.0000 534 262 0.4906
15795.0000 535 262 0.4897
15820.0000 536 262 0.4888
15848.7000 536 263 0.4907
15851.0000 537 263 0.4898
15854.4000 537 264 0.4916
15878.0000 538 264 0.4907
15903.0000 539 264 0.4898
15911.7000 539 265 0.4917
15936.4000 539 266 0.4935
15937.0000 540 266 0.4926
15971.0000 541 266 0.4917
16002.0000 542 266 0.4908
16024.7000 542 267 0.4926
16033.0000 543 267 0.4917
16058.0000 544 267 0.4908
16078.2000 544 268 0.4926
16092.0000 545 268 0.4917
16123.0000 546 268 0.4908
16127.0000 546 269 0.4927
16136.1000 546 270 0.4945
16141.7000 546 271 0.4963
16151.0000 547 271 0.4954
16179.0000 548 271 0.4945
16207.0000 549 271 0.4936
16215.7000 549 272 0.4954
16231.0000 549 273 0.4973
16233.0000 550 273 0.4964
16235.5000 550 274 0.4982
16260.0000 551 274 0.4973
16283.1000 551 275 0.4991
16286.0000 552 275 0.4982
16286.5000 552 276 0.5000
16317.0000 553 276 0.4991
16344.0000 554 276 0.4982
16351.1000 554 277 0.5000
16375.0000 555 277 0.4991
16391.1000 555 278 0.5009
16399.1000 555 279 0.5027
16400.2000 555 280 0.5045
16408.0000 556 280 0.5036
16431.8000 556 281 0.5054
16439.0000 557 281 0.5045
16470.0000 558 281 0.5036
16495.0000 559 281 0.5027
16526.0000 560 281 0.5018
16557.0000 561 281 0.5009
16584.0000 562 281 0.5000
16618.0000 563 281 0.4991
16644.0000 564 281 0.4982
16658.5000 564 282 0.5000
16659.8000 564 283 0.5018
16669.0000 565 283 0.5009
16679.8000 565 284 0.5027
16697.0000 566 284 0.5018
16726.0000 567 284 0.5009
16753.0000 568 284 0.5000
16763.5000 568 285 0.5018
16765.6000 568 286 0.5035
16780.2000 568 287 0.5053
16780.2000 568 288 0.5070
16787.0000 569 288 0.5062
16816.0000 570 288 0.5053
16849.0000 571 288 0.5044
16875.0000 572 288 0.5035
16902.8000 572 289 0.5052
16908.0000 573 289 0.5044
16934.0000 574 289 0.5035
16965.0000 575 289 0.5026
16991.0000 576 289 0.5017
17020.0000 577 289 0.5009
17037.2000 577 290 0.5026
17046.0000 578 290 0.5017
17080.0000 579 290 0.5009
17108.0000 580 290 0.5000
17112.6000 580 291 0.5017
17135.0000 581 291 0.5009
17153.4000 581 292 0.5026
17163.0000 582 292 0.5017
17192.0000 583 292 0.5009
17207.1000 583 293 0.5026
17216.5000 583 294 0.5043
17224.3000 583 295 0.5060
17226.0000 584 295 0.5051
17255.0000 585 295 0.5043
17283.0000 586 295 0.5034
17314.0000 587 295 0.5026
17337.9000 587 296 0.5043
17341.0000 588 296 0.5034
17373.2000 588 297 0.5051
17374.0000 589 297 0.5042
17397.9000 589 298 0.5059
17401.6000 589 299 0.5076
17403.0000 590 299 0.5068
17434.0000 591 299 0.5059
17443.0000 591 300 0.5076
17447.7000 591 301 0.5093
17462.0000 592 301 0.5084
17467.2000 592 302 0.5101
17474.9000 592 303 0.5118
17494.0000 593 303 0.5110
17519.0000 594 303 0.5101
17530.0000 594 304 0.5118
17544.3000 594 305 0.5135
17553.0000 595 305 0.5126
17581.0000 596 305 0.5117
17610.0000 597 305 0.5109
17637.0000 598 305 0.5100
17651.7000 598 306 0.5117
17668.0000 599 306 0.5109
17696.0000 600 306 0.5100
17715.7000 600 307 0.5117
17726.0000 601 307 0.5108
17734.7000 601 308 0.5125
17756.0000 602 308 0.5116
17785.0000 603 308 0.5108
17816.0000 604 308 0.5099
17841.0000 605 308 0.5091
17844.5000 605 309 0.5107
17868.0000 606 309 0.5099
17901.0000 607 309 0.5091
17928.6000 607 310 0.5107
17933.0000 608 310 0.5099
17962.0000 609 310 0.5090
17973.2000 609 311 0.5107
17982.2000 609 312 0.5123
17990.0000 610 312 0.5115
18016.0000 611 312 0.5106
18049.0000 612 312 0.5098
18076.0000 613 312 0.5090
18103.0000 614 312 0.5081
18135.0000 615 312 0.5073
18167.0000 616 312 0.5065
18182.8000 616 313 0.5081
18184.0000 616 314 0.5097
18194.0000 617 314 0.5089
18224.0000 618 314 0.5081
18228.4000 618 315 0.5097
18231.9000 618 316 0.5113
18257.0000 619 316 0.5105
18266.8000 619 317 0.5121
18289.0000 620 317 0.5113
18315.0000 621 317 0.5105
18345.7000 621 318 0.5121
18346.0000 622 318 0.5113
18353.5000 622 319 0.5129
18363.5000 622 320 0.5145
18378.0000 622 321 0.5161
18380.0000 623 321 0.5152
18400.8000 623 322 0.5169
18407.0000 624 322 0.5160
18440.0000 625 322 0.5152
18473.0000 626 322 0.5144
18505.0000 627 322 0.5136
18519.1000 627 323 0.5152
18525.9000 627 324 0.5167
18538.0000 628 324 0.5159
18565.0000 629 324 0.5151
18590.0000 630 324 0.5143
18616.0000 631 324 0.5135
18643.4000 631 325 0.5151
18644.0000 632 325 0.5142
18662.3000 632 326 0.5158
18669.0000 633 326 0.5150
18699.0000 634 326 0.5142
18729.0000 635 326 0.5134
18756.0000 636 326 0.5126
18781.0000 637 326 0.5118
18788.2000 637 327 0.5133
18814.0000 638 327 0.5125
18839.7000 638 328 0.5141
18846.0000 639 328 0.5133
18872.0000 640 328 0.5125
18874.5000 640 329 0.5141
18877.6000 640 330 0.5156
18888.2000 640 331 0.5172
18899.0000 641 331 0.5164
18925.0000 642 331 0.5156
18953.0000 643 331 0.5148
18970.5000 643 332 0.5163
18986.0000 644 332 0.5155
19001.0000 644 333 0.5171
19017.0000 645 333 0.5163
19025.5000 645 334 0.5178
19048.0000 646 334 0.5170
19054.5000 646 335 0.5186
19079.0000 647 335 0.5178
19107.0000 648 335 0.5170
19108.9000 648 336 0.5185
19125.7000 648 337 0.5201
19126.4000 648 338 0.5216
19135.0000 649 338 0.5208
19145.5000 649 339 0.5223
19160.0000 650 339 0.5215
19161.9000 650 340 0.5231
19190.0000 651 340 0.5223
19221.0000 652 340 0.5215
19230.6000 652 341 0.5230
19249.0000 653 341 0.5222
19280.0000 654 341 0.5214
19302.1000 654 342 0.5229
19306.0000 655 342 0.5221
19336.0000 656 342 0.5213
19346.2000 656 343 0.5229
19362.0000 657 343 0.5221
19391.0000 658 343 0.5213
19403.1000 658 344 0.5228
19420.0000 659 344 0.5220
19445.0000 660 344 0.5212
19477.0000 661 344 0.5204
19491.0000 661 345 0.5219
19493.2000 661 346 0.5234
19497.2000 661 347 0.5250
19504.0000 662 347 0.5242
19529.0000 663 347 0.5234
19535.6000 663 348 0.5249
19555.0000 664 348 0.5241
19581.0000 665 348 0.5233
19610.0000 666 348 0.5225
19621.8000 666 349 0.5240
19640.0000 667 349 0.5232
19669.0000 668 349 0.5225
19691.0000 668 350 0.5240
19703.0000 669 350 0.5232
19715.5000 669 351 0.5247
19730.0000 670 351 0.5239
19755.0000 671 351 0.5231
19785.0000 672 351 0.5223
19786.9000 672 352 0.5238
19805.2000 672 353 0.5253
19808.2000 672 354 0.5268
19812.0000 673 354 0.5260
19839.0000 674 354 0.5252
19873.0000 675 354 0.5244
19873.2000 675 355 0.5259
19902.0000 676 355 0.5251
19934.0000 677 355 0.5244
19939.7000 677 356 0.5258
19966.0000 678 356 0.5251
19994.9000 678 357 0.5265
19997.0000 679 357 0.5258
20027.0000 680 357 0.5250
20048.8000 680 358 0.5265
20060.0000 681 358 0.5257
20089.0000 682 358 0.5249
20102.7000 682 359 0.5264
20121.0000 683 359 0.5256
20138.4000 683 360 0.5271
20151.0000 684 360 0.5263
20156.8000 684 361 0.5278
20185.0000 685 361 0.5270
20213.3000 685 362 0.5285
20215.0000 686 362 0.5277
20243.0000 687 362 0.5269
20259.0000 687 363 0.5284
20261.6000 687 364 0.5298
20268.0000 688 364 0.5291
20295.0000 689 364 0.5283
20311.9000 689 365 0.5298
20322.0000 690 365 0.5290
20352.0000 691 365 0.5282
20367.6000 691 366 0.5297
20368.7000 691 367 0.5311
20384.0000 692 367 0.5303
20408.0000 692 368 0.5318
20418.0000 693 368 0.5310
20423.2000 693 369 0.5325
20443.0000 694 369 0.5317
20476.0000 695 369 0.5309
20501.0000 696 369 0.5302
20526.0000 697 369 0.5294
20556.5000 697 370 0.5308
20557.0000 698 370 0.5301
20588.0000 699 370 0.5293
20593.5000 699 371 0.5308
20612.2000 699 372 0.5322
20615.0000 700 372 0.5314
20649.0000 701 372 0.5307
20683.0000 702 372 0.5299
20705.6000 702 373 0.5313
20716.0000 703 373 0.5306
20735.8000 703 374 0.5320
20742.0000 704 374 0.5313
20767.0000 705 374 0.5305
20786.6000 705 375 0.5319
20798.0000 706 375 0.5312
20830.0000 707 375 0.5304
20859.0000 708 375 0.5297
20890.0000 709 375 0.5289
20915.8000 709 376 0.5303
20918.0000 710 376 0.5296
20943.0000 711 376 0.5288
20943.5000 711 377 0.5302
20969.0000 712 377 0.5295
21002.0000 713 377 0.5288
21007.9000 713 378 0.5302
21029.0000 714 378 0.5294
21056.6000 714 379 0.5308
21060.0000 715 379 0.5301
21080.1000 715 380 0.5315
21092.0000 716 380 0.5307
21119.0000 717 380 0.5300
21150.0000 718 380 0.5292
21177.0000 719 380 0.5285
21192.0000 719 381 0.5299
21202.0000 720 381 0.5292
21233.0000 721 381 0.5284
21259.0000 722 381 0.5277
21271.9000 722 382 0.5291
21290.0000 723 382 0.5284
21315.4000 723 383 0.5297
21320.0000 724 383 0.5290
21333.6000 724 384 0.5304
21334.7000 724 385 0.5318
21342.3000 724 386 0.5331
21349.0000 725 386 0.5324
21377.0000 726 386 0.5317
21407.0000 727 386 0.5309
21412.5000 727 387 0.5323
21441.0000 728 387 0.5316
21450.8000 728 388 0.5330
21471.0000 729 388 0.5322
21497.0000 730 388 0.5315
21511.7000 730 389 0.5329
21513.4000 730 390 0.5342
21523.0000 731 390 0.5335
21549.0000 732 390 0.5328
21583.0000 733 390 0.5321
21610.0000 734 390 0.5313
21635.7000 734 391 0.5327
21639.0000 735 391 0.5320
21654.9000 735 392 0.5333
21665.3000 735 393 0.5347
21672.0000 736 393 0.5340
21706.0000 737 393 0.5332
21739.0000 738 393 0.5325
21770.0000 739 393 0.5318
21793.5000 739 394 0.5332
21796.3000 739 395 0.5345
21798.0000 740 395 0.5338
21831.0000 741 395 0.5331
21861.0000 742 395 0.5323
21887.0000 743 395 0.5316
21919.0000 744 395 0.5309
21925.4000 744 396 0.5323
21953.0000 745 396 0.5315
21980.0000 746 396 0.5308
22008.0000 747 396 0.5301
22036.0000 748 396 0.5294
22043.0000 748 397 0.5307
22057.4000 748 398 0.5321
22061.0000 749 398 0.5314
22090.0000 750 398 0.5307
22109.0000 750 399 0.5320
22120.0000 751 399 0.5313
22149.0000 752 399 0.5306
22176.0000 753 399 0.5299
22202.0000 754 399 0.5292
22228.0000 755 399 0.5285
22255.0000 756 399 0.5278
22274.3000 756 400 0.5291
22289.0000 757 400 0.5284
22322.0000 758 400 0.5277
22349.0000 759 400 0.5270
22360.0000 759 401 0.5283
22383.0000 760 401 0.5276
22411.0000 761 401 0.5269
22444.0000 762 401 0.5262
22476.3000 762 402 0.5276
22477.0000 763 402 0.5269
22493.9000 763 403 0.5282
22495.7000 763 404 0.5295
22500.9000 763 405 0.5308
22502.0000 764 405 0.5301
22533.0000 765 405 0.5294
22540.5000 765 406 0.5307
22566.0000 766 406 0.5300
22591.0000 767 406 0.5293
22619.0000 768 406 0.5286
22645.0000 769 406 0.5280
22660.7000 769 407 0.5293
22673.0000 770 407 0.5286
22673.6000 770 408 0.5299
22685.4000 770 409 0.5312
22698.0000 771 409 0.5305
22720.3000 771 410 0.5318
22725.0000 772 410 0.5311
22750.0000 773 410 0.5304
22762.9000 773 411 0.5317
22777.2000 773 412 0.5330
22779.0000 774 412 0.5323
22796.3000 774 413 0.5336
22808.0000 775 413 0.5329
22838.0000 776 413 0.5322
22867.0000 777 413 0.5315
22881.6000 777 414 0.5328
22899.0000 778 414 0.5321
22902.8000 778 415 0.5334
22926.0000 779 415 0.5327
22950.7000 779 416 0.5340
22955.0000 780 416 0.5333
22981.0000 781 416 0.5327
22987.4000 781 417 0.5339
23006.0000 782 417 0.5332
23015.4000 782 418 0.5345
23033.7000 782 419 0.5358
23040.0000 783 419 0.5351
23068.5000 783 420 0.5364
23069.0000 784 420 0.5357
23085.9000 784 421 0.5370
23096.0000 785 421 0.5363
23121.0000 786 421 0.5356
23146.0000 787 421 0.5349
23177.0000 788 421 0.5343
23184.6000 788 422 0.5355
23187.1000 788 423 0.5368
23190.0000 788 424 0.5381
23202.3000 788 425 0.5393
23207.0000 789 425 0.5387
23236.0000 790 425 0.5380
23239.0000 790 426 0.5392
23261.0000 791 426 0.5386
23291.0000 792 426 0.5379
23318.0000 793 426 0.5372
23320.6000 793 427 0.5385
23352.0000 794 427 0.5378
23380.0000 795 427 0.5371
23391.2000 795 428 0.5384
23391.5000 795 429 0.5396
23410.0000 796 429 0.5389
23440.0000 797 429 0.5383
23460.2000 797 430 0.5395
23470.0000 798 430 0.5388
23476.1000 798 431 0.5401
23499.0000 799 431 0.5394
23506.6000 799 432 0.5407
23524.0000 800 432 0.5400
23533.5000 800 433 0.5413
23554.0000 801 433 0.5406
23579.5000 801 434 0.5418
23581.6000 801 435 0.5431
23583.0000 802 435 0.5424
23616.0000 803 435 0.5417
23648.0000 804 435 0.5410
23681.0000 805 435 0.5404
23710.8000 805 436 0.5416
23712.0000 806 436 0.5409
23737.0000 807 436 0.5403
23767.0000 808 436 0.5396
23767.4000 808 437 0.5408
23785.6000 808 438 0.5421
23798.0000 809 438 0.5414
23823.0000 810 438 0.5407
23847.2000 810 439 0.5420
23851.0000 811 439 0.5413
23882.0000 812 439 0.5406
23902.5000 812 440 0.5419
23916.0000 813 440 0.5412
23943.0000 814 440 0.5405
23968.0000 815 440 0.5399
24000.0000 816 440 0.5392
24032.0000 817 440 0.5386
24061.0000 818 440 0.5379
24083.5000 818 441 0.5391
24094.0000 819 441 0.5385
24100.2000 819 442 0.5397
24118.2000 819 443 0.5409
24128.0000 820 443 0.5402
24145.0000 820 444 0.5415
24158.0000 821 444 0.5408
24187.0000 822 444 0.5401
24215.0000 823 444 0.5395
24227.8000 823 445 0.5407
24239.7000 823 446 0.5419
24245.0000 824 446 0.5413
24252.0000 824 447 0.5425
24267.8000 824 448 0.5437
24278.0000 825 448 0.5430
24301.9000 825 449 0.5442
24312.0000 826 449 0.5436
24320.4000 826 450 0.5448
24337.0000 827 450 0.5441
24362.0000 828 450 0.5435
24366.7000 828 451 0.5447
24386.0000 828 452 0.5459
24386.9000 828 453 0.5471
24394.0000 829 453 0.5464
24422.0000 830 453 0.5458
24448.0000 831 453 0.5451
24482.0000 832 453 0.5445
24491.3000 832 454 0.5457
24509.0000 833 454 0.5450
24537.0000 834 454 0.5444
24570.0000 835 454 0.5437
24596.0000 836 454 0.5431
24629.8000 836 455 0.5443
24630.0000 837 455 0.5436
24633.1000 837 456 0.5448
24660.0000 838 456 0.5442
24674.5000 838 457 0.5453
24676.3000 838 458 0.5465
24679.9000 838 459 0.5477
24690.0000 839 459 0.5471
24718.0000 840 459 0.5464
24747.0000 841 459 0.5458
24778.0000 842 459 0.5451
24805.0000 842 460 0.5463
24808.0000 843 460 0.5457
24813.4000 843 461 0.5469
24814.4000 843 462 0.5480
24838.0000 844 462 0.5474
24854.7000 844 463 0.5486
24863.0000 845 463 0.5479
24896.0000 846 463 0.5473
24921.0000 847 463 0.5466
24921.2000 847 464 0.5478
24925.8000 847 465 0.5490
24925.8000 847 466 0.5502
24944.1000 847 467 0.5514
24948.0000 848 467 0.5507
24966.9000 848 468 0.5519
24973.0000 849 468 0.5512
24993.6000 849 469 0.5524
25006.0000 850 469 0.5518
25029.8000 850 470 0.5529
25032.0000 851 470 0.5523
25048.9000 851 471 0.5535
25061.0000 852 471 0.5528
25093.0000 853 471 0.5522
25094.6000 853 472 0.5533
25121.0000 854 472 0.5527
25131.8000 854 473 0.5539
25141.6000 854 474 0.5550
25144.8000 854 475 0.5562
25148.7000 854 476 0.5574
25150.0000 855 476 0.5567
25177.0000 856 476 0.5561
25203.7000 856 477 0.5572
25208.0000 857 477 0.5566
25235.0000 858 477 0.5559
25261.0000 859 477 0.5553
25282.0000 859 478 0.5565
25294.0000 860 478 0.5558
25315.0000 860 479 0.5570
25327.0000 861 479 0.5563
25356.0000 862 479 0.5557
25383.0000 863 479 0.5550
25404.2000 863 480 0.5562
25415.0000 864 480 0.5556
25447.0000 865 480 0.5549
25475.0000 866 480 0.5543
25475.9000 866 481 0.5554
25508.0000 867 481 0.5548
25522.6000 867 482 0.5559
25536.0000 868 482 0.5553
25563.8000 868 483 0.5565
25565.0000 869 483 0.5558
25599.0000 870 483 0.5552
25629.0000 871 483 0.5545
25658.0000 872 483 0.5539
25684.0000 873 483 0.5533
25713.0000 874 483 0.5526
25737.8000 874 484 0.5538
25740.9000 874 485 0.5549
25746.0000 875 485 0.5543
25759.7000 875 486 0.5554
25773.0000 876 486 0.5548
25790.6000 876 487 0.5559
25798.0000 877 487 0.5553
25811.7000 877 488 0.5564
25820.8000 877 489 0.5576
25824.0000 878 489 0.5569
25849.0000 879 489 0.5563
25875.0000 880 489 0.5557
25898.4000 880 490 0.5568
25899.1000 880 491 0.5580
25901.8000 880 492 0.5591
25902.0000 881 492 0.5585
25917.6000 881 493 0.5596
25936.0000 882 493 0.5590
25938.2000 882 494 0.5601
25941.0000 882 495 0.5612
25943.2000 882 496 0.5624
25957.5000 882 497 0.5635
25967.0000 883 497 0.5629
25997.0000 884 497 0.5622
26012.3000 884 498 0.5633
26016.2000 884 499 0.5645
26022.0000 885 499 0.5638
26031.9000 885 500 0.5650
26047.0000 886 500 0.5643
26068.4000 886 501 0.5655
26077.0000 887 501 0.5648
26101.0000 887 502 0.5660
26110.0000 888 502 0.5653
26137.0000 889 502 0.5647
26166.0000 890 502 0.5640
26170.3000 890 503 0.5652
26193.0000 891 503 0.5645
26220.0000 892 503 0.5639
26236.2000 892 504 0.5650
26237.5000 892 505 0.5661
26252.0000 893 505 0.5655
26285.0000 894 505 0.5649
26290.9000 894 506 0.5660
26304.9000 894 507 0.5671
26311.3000 894 508 0.5682
26318.0000 895 508 0.5676
26325.7000 895 509 0.5687
26347.0000 896 509 0.5681
26348.4000 896 510 0.5692
26364.2000 896 511 0.5703
26364.8000 896 512 0.5714
26372.0000 896 513 0.5725
26377.0000 897 513 0.5719
26382.5000 897 514 0.5730
26382.8000 897 515 0.5741
26405.0000 898 515 0.5735
26437.0000 899 515 0.5729
26466.0000 900 515 0.5722
26481.0000 900 516 0.5733
26497.0000 901 516 0.5727
26511.9000 901 517 0.5738
26522.0000 902 517 0.5732
26554.0000 903 517 0.5725
26588.0000 904 517 0.5719
26592.1000 904 518 0.5730
26595.4000 904 519 0.5741
26598.7000 904 520 0.5752
26606.2000 904 521 0.5763
26619.9000 904 522 0.5774
26620.0000 905 522 0.5768
26652.0000 906 522 0.5762
26677.0000 907 522 0.5755
26706.0000 907 523 0.5766
26707.0000 908 523 0.5760
26720.2000 908 524 0.5771
26734.5000 908 525 0.5782
26741.0000 909 525 0.5776
26768.0000 910 525 0.5769
26798.0000 911 525 0.5763
26809.3000 911 526 0.5774
26811.9000 911 527 0.5785
26828.0000 912 527 0.5779
26859.0000 913 527 0.5772
26888.0000 914 527 0.5766
26903.3000 914 528 0.5777
26922.0000 915 528 0.5770
26948.0000 916 528 0.5764
26967.6000 916 529 0.5775
26978.0000 917 529 0.5769
26991.8000 917 530 0.5780
27007.0000 918 530 0.5773
27026.4000 918 531 0.5784
27032.0000 919 531 0.5778
27033.7000 919 532 0.5789
27046.2000 919 533 0.5800
27047.6000 919 534 0.5811
27065.0000 920 534 0.5804
27084.6000 920 535 0.5815
27098.0000 921 535 0.5809
27125.0000 922 535 0.5803
27152.0000 923 535 0.5796
27178.0000 924 535 0.5790
27194.4000 924 536 0.5801
27208.0000 925 536 0.5795
27209.2000 925 537 0.5805
27211.4000 925 538 0.5816
27235.0000 926 538 0.5810
27260.0000 927 538 0.5804
27278.6000 927 539 0.5814
27294.0000 928 539 0.5808
27327.0000 929 539 0.5802
27356.0000 930 539 0.5796
27386.0000 931 539 0.5789
27418.0000 932 539 0.5783
27450.0000 933 539 0.5777
27478.0000 934 539 0.5771
27507.0000 935 539 0.5765
27538.0000 936 539 0.5759
27563.0000 937 539 0.5752
27588.0000 938 539 0.5746
27592.2000 938 540 0.5757
27614.0000 939 540 0.5751
27634.2000 939 541 0.5761
27644.0000 940 541 0.5755
27675.0000 941 541 0.5749
27707.0000 942 541 0.5743
27740.0000 943 541 0.5737
27768.0000 944 541 0.5731
27797.0000 944 542 0.5742
27799.0000 945 542 0.5735
27812.6000 945 543 0.5746
27824.0000 946 543 0.5740
27856.0000 947 543 0.5734
27861.0000 947 544 0.5744
27885.0000 948 544 0.5738
27886.9000 948 545 0.5749
27908.2000 948 546 0.5759
27919.0000 949 546 0.5753
27944.0000 950 546 0.5747
27977.0000 951 546 0.5741
28009.0000 952 546 0.5735
28013.1000 952 547 0.5746
28037.0000 953 547 0.5740
28039.5000 953 548 0.5750
28064.0000 954 548 0.5744
28092.0000 955 548 0.5738
28111.5000 955 549 0.5749
28125.0000 956 549 0.5743
28151.0000 957 549 0.5737
28183.0000 958 549 0.5731
28216.0000 959 549 0.5725
28220.3000 959 550 0.5735
28224.9000 959 551 0.5746
28234.3000 959 552 0.5756
28247.0000 960 552 0.5750
28276.0000 961 552 0.5744
28284.6000 961 553 0.5754
28306.0000 962 553 0.5748
28315.9000 962 554 0.5759
28318.5000 962 555 0.5769
28323.5000 962 556 0.5780
28330.2000 962 557 0.5790
28339.0000 963 557 0.5784
28367.0000 964 557 0.5778
28392.0000 965 557 0.5772
28423.0000 966 557 0.5766
28455.0000 967 557 0.5760
28483.3000 967 558 0.5770
28486.0000 968 558 0.5764
28490.7000 968 559 0.5775
28503.7000 968 560 0.5785
28509.9000 968 561 0.5795
28512.0000 969 561 0.5789
28521.6000 969 562 0.5800
28538.7000 969 563 0.5810
28539.0000 970 563 0.5804
28554.0000 970 564 0.5814
28568.0000 971 564 0.5808
28572.5000 971 565 0.5819
28594.0000 972 565 0.5813
28627.0000 973 565 0.5807
28627.2000 973 566 0.5817
28641.7000 973 567 0.5827
28655.0000 974 567 0.5821
28680.0000 974 568 0.5832
28686.0000 975 568 0.5826
28715.0000 976 568 0.5820
28739.5000 976 569 0.5830
28743.0000 977 569 0.5824
28755.3000 977 570 0.5834
28763.6000 977 571 0.5844
28772.0000 978 571 0.5838
28797.0000 979 571 0.5832
28827.0000 980 571 0.5827
28844.8000 980 572 0.5837
28861.0000 981 572 0.5831
28868.4000 981 573 0.5841
28874.2000 981 574 0.5851
28880.6000 981 575 0.5861
28887.0000 982 575 0.5855
28888.4000 982 576 0.5866
28891.7000 982 577 0.5876
28913.0000 982 578 0.5886
28920.0000 983 578 0.5880
28928.6000 983 579 0.5890
28951.0000 984 579 0.5884
28983.0000 985 579 0.5878
29011.0000 986 579 0.5872
29034.6000 986 580 0.5882
29041.0000 987 580 0.5876
29075.0000 988 580 0.5870
29088.3000 988 581 0.5881
29102.0000 989 581 0.5875
29120.8000 989 582 0.5885
29133.0000 990 582 0.5879
29139.0000 990 583 0.5889
29139.6000 990 584 0.5899
29141.6000 990 585 0.5909
29159.0000 991 585 0.5903
29178.6000 991 586 0.5913
29184.0000 992 586 0.5907
29209.0000 993 586 0.5901
29211.8000 993 587 0.5911
29215.3000 993 588 0.5921
29235.5000 993 589 0.5932
29238.1000 993 590 0.5942
29242.0000 994 590 0.5936
29276.0000 995 590 0.5930
29284.6000 995 591 0.5940
29310.0000 996 591 0.5934
29321.3000 996 592 0.5944
29328.1000 996 593 0.5954
29341.4000 996 594 0.5964
29344.0000 997 594 0.5958
29368.8000 997 595 0.5968
29369.0000 998 595 0.5962
29400.0000 999 595 0.5956
29416.5000 999 596 0.5966
29432.0000 1000 596 0.5960
29460.9000 1000 597 0.5970
29462.0000 1001 597 0.5964
29463.0000 1001 598 0.5974
29468.3000 1001 599 0.5984
29495.0000 1002 599 0.5978
29523.0000 1003 599 0.5972
29538.8000 1003 600 0.5982
29556.0000 1004 600 0.5976
29562.7000 1004 601 0.5986
29581.0000 1005 601 0.5980
29589.7000 1005 602 0.5990
29605.6000 1005 603 0.6000
29606.0000 1006 603 0.5994
29625.1000 1006 604 0.6004
29638.0000 1007 604 0.5998
29672.0000 1008 604 0.5992
29685.6000 1008 605 0.6002
29699.0000 1009 605 0.5996
29701.7000 1009 606 0.6006
29715.8000 1009 607 0.6016
29722.3000 1009 608 0.6026
29731.0000 1010 608 0.6020
29758.6000 1010 609 0.6030
29762.0000 1011 609 0.6024
29791.0000 1012 609 0.6018
29805.0000 1012 610 0.6028
29816.0000 1013 610 0.6022
29821.3000 1013 611 0.6032
29840.1000 1013 612 0.6041
29847.0000 1014 612 0.6036
29852.0000 1014 613 0.6045
29869.4000 1014 614 0.6055
29877.0000 1015 614 0.6049
29904.0000 1016 614 0.6043
29909.2000 1016 615 0.6053
29932.0000 1017 615 0.6047
29964.0000 1018 615 0.6041
29983.2000 1018 616 0.6051
29994.0000 1019 616 0.6045
29997.3000 1019 617 0.6055
30023.0000 1020 617 0.6049
30048.0000 1021 617 0.6043
30066.3000 1021 618 0.6053
30079.0000 1022 618 0.6047
30109.0000 1023 618 0.6041
30113.8000 1023 619 0.6051
30126.4000 1023 620 0.6061
30135.0000 1024 620 0.6055
30148.8000 1024 621 0.6064
30169.0000 1025 621 0.6059
30197.0000 1026 621 0.6053
30227.0000 1027 621 0.6047
30234.1000 1027 622 0.6056
30236.4000 1027 623 0.6066
30237.0000 1027 624 0.6076
30252.0000 1028 624 0.6070
30278.0000 1029 624 0.6064
30281.4000 1029 625 0.6074
30293.7000 1029 626 0.6084
30306.0000 1030 626 0.6078
30311.1000 1030 627 0.6087
30330.7000 1030 628 0.6097
30338.0000 1031 628 0.6091
30371.0000 1032 628 0.6085
30382.0000 1032 629 0.6095
30382.8000 1032 630 0.6105
30391.9000 1032 631 0.6114
30395.1000 1032 632 0.6124
30401.0000 1033 632 0.6118
30435.0000 1034 632 0.6112
30468.0000 1035 632 0.6106
30493.0000 1036 632 0.6100
30504.1000 1036 633 0.6110
30524.0000 1037 633 0.6104
30544.0000 1037 634 0.6114
30544.8000 1037 635 0.6123
30553.3000 1037 636 0.6133
30554.0000 1038 636 0.6127
30556.5000 1038 637 0.6137
30567.0000 1038 638 0.6146
30578.8000 1038 639 0.6156
30588.0000 1039 639 0.6150
30606.8000 1039 640 0.6160
30609.0000 1039 641 0.6169
30609.5000 1039 642 0.6179
30620.0000 1039 643 0.6189
30620.0000 1040 643 0.6183
30622.8000 1040 644 0.6192
30633.4000 1040 645 0.6202
30653.0000 1041 645 0.6196
30677.9000 1041 646 0.6206
30679.0000 1042 646 0.6200
30680.4000 1042 647 0.6209
30706.0000 1043 647 0.6203
30723.1000 1043 648 0.6213
30733.0000 1044 648 0.6207
30754.1000 1044 649 0.6216
30765.0000 1045 649 0.6211
30794.0000 1046 649 0.6205
30820.0000 1047 649 0.6199
30835.2000 1047 650 0.6208
30854.0000 1048 650 0.6202
30854.7000 1048 651 0.6212
30882.0000 1049 651 0.6206
30910.0000 1050 651 0.6200
30939.0000 1051 651 0.6194
30968.0000 1052 651 0.6188
30969.0000 1052 652 0.6198
30974.4000 1052 653 0.6207
30989.6000 1052 654 0.6217
30998.0000 1053 654 0.6211
31009.1000 1053 655 0.6220
31028.0000 1054 655 0.6214
31047.6000 1054 656 0.6224
31054.0000 1055 656 0.6218
31079.9000 1055 657 0.6227
31081.8000 1055 658 0.6237
31083.0000 1056 658 0.6231
31112.0000 1057 658 0.6225
31144.0000 1058 658 0.6219
31157.0000 1058 659 0.6229
31172.6000 1058 660 0.6238
31174.0000 1059 660 0.6232
31200.0000 1060 660 0.6226
31227.0000 1061 660 0.6221
31257.0000 1062 660 0.6215
31282.8000 1062 661 0.6224
31285.0000 1063 661 0.6218
31286.4000 1063 662 0.6228
31318.0000 1064 662 0.6222
31342.5000 1064 663 0.6231
31346.0000 1065 663 0.6225
31371.0000 1066 663 0.6220
31389.4000 1066 664 0.6229
31398.0000 1067 664 0.6223
31427.1000 1067 665 0.6232
31432.0000 1068 665 0.6227
31458.0000 1069 665 0.6221
31473.6000 1069 666 0.6230
31488.8000 1069 667 0.6239
31492.0000 1070 667 0.6234
31518.0000 1071 667 0.6228
31543.3000 1071 668 0.6237
31544.0000 1072 668 0.6231
31562.2000 1072 669 0.6241
31570.9000 1072 670 0.6250
31574.0000 1073 670 0.6244
31587.3000 1073 671 0.6253
31601.7000 1073 672 0.6263
31607.0000 1074 672 0.6257
31613.0000 1074 673 0.6266
31623.4000 1074 674 0.6276
31636.0000 1075 674 0.6270
31662.0000 1076 674 0.6264
31680.9000 1076 675 0.6273
31690.0000 1077 675 0.6267
31703.6000 1077 676 0.6277
31723.0000 1078 676 0.6271
31748.0000 1079 676 0.6265
31750.4000 1079 677 0.6274
31776.5000 1079 678 0.6284
31778.0000 1080 678 0.6278
31805.0000 1081 678 0.6272
31831.0000 1082 678 0.6266
31851.3000 1082 679 0.6275
31852.4000 1082 680 0.6285
31861.0000 1083 680 0.6279
31870.2000 1083 681 0.6288
31887.0000 1084 681 0.6282
31916.0000 1085 681 0.6276
31946.0000 1086 681 0.6271
31946.1000 1086 682 0.6280
31966.1000 1086 683 0.6289
31972.3000 1086 684 0.6298
31974.0000 1087 684 0.6293
32000.0000 1088 684 0.6287
32025.0000 1089 684 0.6281
32026.9000 1089 685 0.6290
32058.0000 1090 685 0.6284
32088.0000 1091 685 0.6279
32090.6000 1091 686 0.6288
32120.0000 1092 686 0.6282
32149.9000 1092 687 0.6291
32152.0000 1093 687 0.6285
32163.2000 1093 688 0.6295
32178.0000 1094 688 0.6289
32205.0000 1095 688 0.6283
32217.6000 1095 689 0.6292
32238.0000 1096 689 0.6286
32242.7000 1096 690 0.6296
32259.3000 1096 691 0.6305
32266.0000 1097 691 0.6299
32269.8000 1097 692 0.6308
32285.0000 1097 693 0.6317
32290.5000 1097 694 0.6326
32291.0000 1098 694 0.6321
32293.5000 1098 695 0.6330
32322.3000 1098 696 0.6339
32325.0000 1099 696 0.6333
32354.0000 1100 696 0.6327
32388.0000 1101 696 0.6322
32408.4000 1101 697 0.6331
32418.0000 1102 697 0.6325
32431.6000 1102 698 0.6334
32443.0000 1103 698 0.6328
32460.6000 1103 699 0.6337
32468.0000 1104 699 0.6332
32481.5000 1104 700 0.6341
32497.0000 1105 700 0.6335
32527.0000 1106 700 0.6329
32529.1000 1106 701 0.6338
32555.0000 1107 701 0.6332
32567.7000 1107 702 0.6341
32584.0000 1108 702 0.6336
32595.5000 1108 703 0.6345
32614.0000 1109 703 0.6339
32618.1000 1109 704 0.6348
32622.0000 1109 705 0.6357
32644.0000 1110 705 0.6351
32678.0000 1111 705 0.6346
32706.0000 1112 705 0.6340
32733.0000 1113 705 0.6334
32750.1000 1113 706 0.6343
32766.0000 1114 706 0.6338
32792.0000 1115 706 0.6332
32826.0000 1116 706 0.6326
32838.6000 1116 707 0.6335
32858.0000 1117 707 0.6329
32866.8000 1117 708 0.6338
32871.9000 1117 709 0.6347
32877.4000 1117 710 0.6356
32884.0000 1118 710 0.6351
32904.9000 1118 711 0.6360
32915.0000 1119 711 0.6354
32915.1000 1119 712 0.6363
32947.0000 1120 712 0.6357
32972.0000 1121 712 0.6351
33003.0000 1122 712 0.6346
33029.0000 1123 712 0.6340
33059.0000 1124 712 0.6335
33077.9000 1124 713 0.6343
33087.5000 1124 714 0.6352
33088.0000 1125 714 0.6347
33118.0000 1126 714 0.6341
33122.5000 1126 715 0.6350
33148.0000 1127 715 0.6344
33170.8000 1127 716 0.6353
33175.0000 1128 716 0.6348
33192.9000 1128 717 0.6356
33204.0000 1129 717 0.6351
33210.4000 1129 718 0.6360
33232.0000 1130 718 0.6354
33233.2000 1130 719 0.6363
33253.1000 1130 720 0.6372
33264.0000 1131 720 0.6366
33268.8000 1131 721 0.6375
33294.0000 1132 721 0.6369
33320.0000 1133 721 0.6364
33330.0000 1133 722 0.6372
33340.3000 1133 723 0.6381
33345.0000 1134 723 0.6376
33373.4000 1134 724 0.6384
33377.0000 1135 724 0.6379
33403.0000 1136 724 0.6373
33403.4000 1136 725 0.6382
33435.0000 1137 725 0.6376
33456.8000 1137 726 0.6385
33469.0000 1138 726 0.6380
33473.8000 1138 727 0.6388
33490.5000 1138 728 0.6397
33496.0000 1139 728 0.6392
33524.0000 1140 728 0.6386
33532.9000 1140 729 0.6395
33556.0000 1141 729 0.6389
33570.3000 1141 730 0.6398
33582.0000 1142 730 0.6392
33591.2000 1142 731 0.6401
33591.8000 1142 732 0.6410
33593.8000 1142 733 0.6419
33615.0000 1143 733 0.6413
33635.2000 1143 734 0.6422
33645.0000 1144 734 0.6416
33672.0000 1145 734 0.6410
33673.5000 1145 735 0.6419
33702.0000 1146 735 0.6414
33702.1000 1146 736 0.6422
33702.2000 1146 737 0.6431
33733.0000 1147 737 0.6425
33767.0000 1148 737 0.6420
33774.7000 1148 738 0.6429
33776.4000 1148 739 0.6437
33781.3000 1148 740 0.6446
33793.0000 1149 740 0.6440
33827.0000 1150 740 0.6435
33834.7000 1150 741 0.6443
33857.6000 1150 742 0.6452
33860.0000 1151 742 0.6447
33860.3000 1151 743 0.6455
33890.0000 1152 743 0.6450
33917.0000 1153 743 0.6444
33945.0000 1154 743 0.6438
33971.0000 1155 743 0.6433
33996.0000 1156 743 0.6427
34022.0000 1157 743 0.6422
34023.1000 1157 744 0.6430
34026.7000 1157 745 0.6439
34046.3000 1157 746 0.6448
34052.0000 1158 746 0.6442
34060.2000 1158 747 0.6451
34084.0000 1159 747 0.6445
34115.0000 1160 747 0.6440
34120.7000 1160 748 0.6448
34130.8000 1160 749 0.6457
34133.3000 1160 750 0.6466
34145.0000 1161 750 0.6460
34172.0000 1162 750 0.6454
34182.3000 1162 751 0.6463
34197.0000 1163 751 0.6457
34199.7000 1163 752 0.6466
34214.5000 1163 753 0.6475
34219.2000 1163 754 0.6483
34222.0000 1164 754 0.6478
34250.0000 1165 754 0.6472
34278.0000 1166 754 0.6467
34311.0000 1167 754 0.6461
34344.0000 1168 754 0.6455
34369.0000 1169 754 0.6450
34396.0000 1170 754 0.6444
34430.0000 1171 754 0.6439
34459.0000 1172 754 0.6433
34492.0000 1173 754 0.6428
34505.4000 1173 755 0.6436
34521.0000 1174 755 0.6431
34533.7000 1174 756 0.6440
34551.0000 1175 756 0.6434
34569.0000 1175 757 0.6443
34578.0000 1176 757 0.6437
34610.0000 1177 757 0.6432
34635.1000 1177 758 0.6440
34642.9000 1177 759 0.6449
34644.0000 1178 759 0.6443
34648.3000 1178 760 0.6452
34652.8000 1178 761 0.6460
34669.0000 1179 761 0.6455
34685.4000 1179 762 0.6463
34694.0000 1180 762 0.6458
34728.0000 1181 762 0.6452
34736.9000 1181 763 0.6461
34755.0000 1182 763 0.6455
34781.0000 1183 763 0.6450
34783.9000 1183 764 0.6458
34813.0000 1184 764 0.6453
34839.0000 1185 764 0.6447
34858.8000 1185 765 0.6456
34866.0000 1186 765 0.6450
34873.3000 1186 766 0.6459
34899.0000 1187 766 0.6453
34908.9000 1187 767 0.6462
34928.0000 1188 767 0.6456
34937.9000 1188 768 0.6465
34941.4000 1188 769 0.6473
34960.0000 1189 769 0.6468
34977.9000 1189 770 0.6476
34990.0000 1190 770 0.6471
35023.0000 1191 770 0.6465
35048.4000 1191 771 0.6474
35057.0000 1192 771 0.6468
35088.0000 1193 771 0.6463
35114.7000 1193 772 0.6471
35118.0000 1194 772 0.6466
35125.3000 1194 773 0.6474
35126.9000 1194 774 0.6482
35143.0000 1195 774 0.6477
35171.0000 1196 774 0.6472
35197.0000 1197 774 0.6466
35201.8000 1197 775 0.6475
35227.0000 1198 775 0.6469
35233.6000 1198 776 0.6477
35236.9000 1198 777 0.6486
35261.0000 1199 777 0.6480
35287.0000 1200 777 0.6475
35307.8000 1200 778 0.6483
35315.0000 1201 778 0.6478
35345.0000 1202 778 0.6473
35370.0000 1203 778 0.6467
35385.3000 1203 779 0.6475
35392.1000 1203 780 0.6484
35398.0000 1204 780 0.6478
35428.4000 1204 781 0.6487
35431.0000 1205 781 0.6481
35460.5000 1205 782 0.6490
35462.0000 1206 782 0.6484
35473.2000 1206 783 0.6493
35475.5000 1206 784 0.6501
35479.6000 1206 785 0.6509
35495.0000 1207 785 0.6504
35523.0000 1208 785 0.6498
35548.0000 1209 785 0.6493
35554.1000 1209 786 0.6501
35570.9000 1209 787 0.6510
35575.0000 1210 787 0.6504
35603.0000 1211 787 0.6499
35633.0000 1212 787 0.6493
35661.0000 1213 787 0.6488
35692.0000 1214 787 0.6483
35717.0000 1215 787 0.6477
35718.2000 1215 788 0.6486
35749.0000 1216 788 0.6480
35778.0000 1216 789 0.6488
35781.0000 1217 789 0.6483
35810.0000 1218 789 0.6478
35832.9000 1218 790 0.6486
35836.2000 1218 791 0.6494
35844.0000 1219 791 0.6489
35877.0000 1220 791 0.6484
35892.0000 1220 792 0.6492
35908.0000 1221 792 0.6486
35942.0000 1222 792 0.6481
35973.0000 1223 792 0.6476
35991.5000 1223 793 0.6484
36001.0000 1224 793 0.6479
36033.0000 1225 793 0.6473
36033.3000 1225 794 0.6482
36061.0000 1226 794 0.6476
36075.5000 1226 795 0.6485
36087.0000 1227 795 0.6479
36114.0000 1228 795 0.6474
36137.0000 1228 796 0.6482
36144.0000 1229 796 0.6477
36174.0000 1230 796 0.6472
36200.8000 1230 797 0.6480
36208.0000 1231 797 0.6474
36214.9000 1231 798 0.6483
36218.2000 1231 799 0.6491
36242.0000 1232 799 0.6485
36265.2000 1232 800 0.6494
36273.0000 1233 800 0.6488
36279.2000 1233 801 0.6496
36294.1000 1233 802 0.6504
36305.0000 1234 802 0.6499
36306.8000 1234 803 0.6507
36326.4000 1234 804 0.6515
36330.0000 1235 804 0.6510
36362.0000 1236 804 0.6505
36388.0000 1237 804 0.6500
36419.0000 1238 804 0.6494
36444.0000 1239 804 0.6489
36453.3000 1239 805 0.6497
36472.0000 1240 805 0.6492
36488.8000 1240 806 0.6500
36505.0000 1241 806 0.6495
36532.0000 1242 806 0.6490
36542.4000 1242 807 0.6498
36564.0000 1243 807 0.6492
36572.8000 1243 808 0.6500
36594.0000 1244 808 0.6495
36598.6000 1244 809 0.6503
36602.5000 1244 810 0.6511
36610.3000 1244 811 0.6519
36627.0000 1245 811 0.6514
36657.1000 1245 812 0.6522
36657.6000 1245 813 0.6530
36660.0000 1246 813 0.6525
36675.3000 1246 814 0.6533
36693.0000 1247 814 0.6528
36715.5000 1247 815 0.6536
36715.7000 1247 816 0.6544
36723.0000 1248 816 0.6538
36748.0000 1249 816 0.6533
36772.2000 1249 817 0.6541
36780.0000 1250 817 0.6536
36805.0000 1251 817 0.6531
36808.3000 1251 818 0.6539
36836.0000 1252 818 0.6534
36855.6000 1252 819 0.6542
36864.0000 1253 819 0.6536
36898.0000 1254 819 0.6531
36927.0000 1255 819 0.6526
36961.0000 1256 819 0.6521
36973.3000 1256 820 0.6529
36982.4000 1256 821 0.6537
36982.6000 1256 822 0.6545
36986.4000 1256 823 0.6553
36987.0000 1256 824 0.6561
36989.0000 1257 824 0.6555
37014.0000 1258 824 0.6550
37043.0000 1259 824 0.6545
37070.0000 1260 824 0.6540
37103.0000 1261 824 0.6534
37127.6000 1261 825 0.6542
37129.0000 1262 825 0.6537
37157.0000 1263 825 0.6532
37185.8000 1263 826 0.6540
37189.0000 1264 826 0.6535
37219.0000 1265 826 0.6530
37220.4000 1265 827 0.6538
37250.0000 1266 827 0.6532
37255.9000 1266 828 0.6540
37258.5000 1266 829 0.6548
37281.0000 1267 829 0.6543
37283.0000 1267 830 0.6551
37315.0000 1268 830 0.6546
37317.0000 1268 831 0.6554
37319.8000 1268 832 0.6562
37342.0000 1269 832 0.6556
37369.0000 1270 832 0.6551
37402.0000 1271 832 0.6546
37432.0000 1272 832 0.6541
37446.5000 1272 833 0.6549
37459.0000 1273 833 0.6544
37485.0000 1274 833 0.6538
37513.0000 1275 833 0.6533
37545.0000 1276 833 0.6528
37549.2000 1276 834 0.6536
37579.0000 1277 834 0.6531
37596.3000 1277 835 0.6539
37605.0000 1278 835 0.6534
37636.0000 1279 835 0.6529
37655.5000 1279 836 0.6536
37664.0000 1280 836 0.6531
37687.3000 1280 837 0.6539
37696.0000 1281 837 0.6534
37726.0000 1282 837 0.6529
37754.5000 1282 838 0.6537
37760.0000 1283 838 0.6532
37771.9000 1283 839 0.6539
37780.0000 1283 840 0.6547
37785.0000 1284 840 0.6542
37814.0000 1285 840 0.6537
37845.0000 1286 840 0.6532
37870.0000 1287 840 0.6527
37898.0000 1288 840 0.6522
37925.0000 1289 840 0.6517
37934.0000 1289 841 0.6524
37936.4000 1289 842 0.6532
37951.0000 1290 842 0.6527
37958.0000 1290 843 0.6535
37968.3000 1290 844 0.6543
37971.0000 1290 845 0.6550
37977.0000 1291 845 0.6545
38005.0000 1292 845 0.6540
38012.4000 1292 846 0.6548
38013.7000 1292 847 0.6556
38032.0000 1293 847 0.6551
38040.3000 1293 848 0.6558
38057.0000 1294 848 0.6553
38086.0000 1295 848 0.6548
38088.8000 1295 849 0.6556
38107.5000 1295 850 0.6564
38112.3000 1295 851 0.6571
38114.0000 1296 851 0.6566
38142.0000 1297 851 0.6561
38170.0000 1298 851 0.6556
38196.0000 1299 851 0.6551
38230.0000 1300 851 0.6546
38259.0000 1301 851 0.6541
38278.0000 1301 852 0.6549
38287.0000 1302 852 0.6544
38297.1000 1302 853 0.6551
38313.0000 1303 853 0.6546
38334.2000 1303 854 0.6554
38347.0000 1304 854 0.6549
38377.0000 1305 854 0.6544
38384.0000 1305 855 0.6552
38402.0000 1306 855 0.6547
38427.0000 1307 855 0.6542
38460.0000 1308 855 0.6537
38483.4000 1308 856 0.6544
38490.0000 1309 856 0.6539
38515.0000 1310 856 0.6534
38547.0000 1311 856 0.6529
38576.0000 1312 856 0.6524
38605.0000 1313 856 0.6519
38619.0000 1313 857 0.6527
38624.3000 1313 858 0.6535
38631.0000 1314 858 0.6530
38657.0000 1315 858 0.6525
38687.0000 1316 858 0.6520
38702.9000 1316 859 0.6527
38716.0000 1317 859 0.6522
38746.0000 1318 859 0.6517
38780.0000 1319 859 0.6513
38800.3000 1319 860 0.6520
38811.0000 1320 860 0.6515
38818.0000 1320 861 0.6523
38841.0000 1321 861 0.6518
38874.0000 1322 861 0.6513
38897.1000 1322 862 0.6520
38897.8000 1322 863 0.6528
38903.0000 1323 863 0.6523
38926.5000 1323 864 0.6531
38929.0000 1324 864 0.6526
38962.0000 1325 864 0.6521
38971.9000 1325 865 0.6528
38995.0000 1325 866 0.6536
38995.0000 1326 866 0.6531
38996.3000 1326 867 0.6538
39021.0000 1327 867 0.6534
39024.9000 1327 868 0.6541
39025.7000 1327 869 0.6549
39036.8000 1327 870 0.6556
39052.0000 1328 870 0.6551
39067.9000 1328 871 0.6559
39079.0000 1329 871 0.6554
39106.0000 1330 871 0.6549
39138.0000 1331 871 0.6544
39144.3000 1331 872 0.6551
39163.0000 1332 872 0.6547
39185.5000 1332 873 0.6554
39190.0000 1333 873 0.6549
39195.8000 1333 874 0.6557
39196.2000 1333 875 0.6564
39216.0000 1334 875 0.6559
39224.7000 1334 876 0.6567
39227.1000 1334 877 0.6574
39227.8000 1334 878 0.6582
39249.0000 1335 878 0.6577
39276.0000 1336 878 0.6572
39284.3000 1336 879 0.6579
39286.4000 1336 880 0.6587
39306.0000 1337 880 0.6582
39322.0000 1337 881 0.6589
39339.0000 1338 881 0.6584
39365.0000 1339 881 0.6580
39382.2000 1339 882 0.6587
39391.0000 1340 882 0.6582
39415.4000 1340 883 0.6590
39417.4000 1340 884 0.6597
39419.0000 1341 884 0.6592
39433.2000 1341 885 0.6600
39446.0000 1342 885 0.6595
39456.8000 1342 886 0.6602
39474.0000 1343 886 0.6597
39482.7000 1343 887 0.6605
39496.5000 1343 888 0.6612
39500.0000 1344 888 0.6607
39531.0000 1345 888 0.6602
39549.4000 1345 889 0.6610
39560.0000 1346 889 0.6605
39587.0000 1347 889 0.6600
39621.0000 1348 889 0.6595
39653.0000 1349 889 0.6590
39681.0000 1350 889 0.6585
39713.0000 1351 889 0.6580
39738.0000 1352 889 0.6575
39744.7000 1352 890 0.6583
39771.0000 1353 890 0.6578
39798.0000 1354 890 0.6573
39818.8000 1354 891 0.6581
39832.0000 1355 891 0.6576
39861.0000 1356 891 0.6571
39865.9000 1356 892 0.6578
39885.2000 1356 893 0.6586
39889.4000 1356 894 0.6593
39890.0000 1357 894 0.6588
39919.0000 1358 894 0.6583
39933.4000 1358 895 0.6591
39948.8000 1358 896 0.6598
39952.0000 1359 896 0.6593
39977.0000 1360 896 0.6588
40004.0000 1361 896 0.6583
40032.0000 1362 896 0.6579
40049.7000 1362 897 0.6586
40065.0000 1363 897 0.6581
40090.0000 1364 897 0.6576
40123.0000 1365 897 0.6571
40138.8000 1365 898 0.6579
40140.9000 1365 899 0.6586
40149.0000 1366 899 0.6581
40169.7000 1366 900 0.6589
40173.7000 1366 901 0.6596
40177.3000 1366 902 0.6603
40178.0000 1367 902 0.6598
40205.0000 1368 902 0.6594
40217.0000 1368 903 0.6601
40230.0000 1369 903 0.6596
40263.0000 1370 903 0.6591
40293.0000 1371 903 0.6586
40320.0000 1372 903 0.6582
40352.0000 1373 903 0.6577
40356.3000 1373 904 0.6584
40371.3000 1373 905 0.6591
40382.0000 1374 905 0.6587
40396.6000 1374 906 0.6594
40414.0000 1375 906 0.6589
40433.8000 1375 907 0.6596
40441.0000 1376 907 0.6592
40452.7000 1376 908 0.6599
40468.0000 1377 908 0.6594
40500.0000 1378 908 0.6589
40526.0000 1379 908 0.6584
40528.6000 1379 909 0.6592
40531.7000 1379 910 0.6599
40532.2000 1379 911 0.6606
40534.6000 1379 912 0.6613
40554.0000 1380 912 0.6609
40582.0000 1381 912 0.6604
40584.2000 1381 913 0.6611
40588.2000 1381 914 0.6618
40612.0000 1382 914 0.6614
40630.1000 1382 915 0.6621
40633.7000 1382 916 0.6628
40646.0000 1383 916 0.6623
40680.0000 1384 916 0.6618
40707.0000 1385 916 0.6614
40735.0000 1386 916 0.6609
40749.7000 1386 917 0.6616
40764.0000 1387 917 0.6611
40789.0000 1388 917 0.6607
40796.1000 1388 918 0.6614
40819.5000 1388 919 0.6621
40822.0000 1389 919 0.6616
40848.0000 1390 919 0.6612
40857.7000 1390 920 0.6619
40867.7000 1390 921 0.6626
40879.0000 1391 921 0.6621
40908.0000 1392 921 0.6616
40914.4000 1392 922 0.6624
40937.0000 1393 922 0.6619
40940.3000 1393 923 0.6626
40954.3000 1393 924 0.6633
40964.9000 1393 925 0.6640
40965.3000 1393 926 0.6648
40967.0000 1394 926 0.6643
40972.9000 1394 927 0.6650
40985.6000 1394 928 0.6657
40993.3000 1394 929 0.6664
40994.0000 1395 929 0.6659
41015.5000 1395 930 0.6667
41028.0000 1396 930 0.6662
41046.2000 1396 931 0.6669
41050.9000 1396 932 0.6676
41054.0000 1397 932 0.6671
41056.6000 1397 933 0.6679
41071.7000 1397 934 0.6686
41082.2000 1397 935 0.6693
41083.0000 1398 935 0.6688
41112.0000 1399 935 0.6683
41129.5000 1399 936 0.6690
41144.0000 1400 936 0.6686
41170.0000 1401 936 0.6681
41185.9000 1401 937 0.6688
41196.2000 1401 938 0.6695
41198.4000 1401 939 0.6702
41200.0000 1402 939 0.6698
41214.9000 1402 940 0.6705
41231.0000 1403 940 0.6700
41232.0000 1403 941 0.6707
41257.0000 1404 941 0.6702
41274.1000 1404 942 0.6709
41288.0000 1405 942 0.6705
41316.0000 1406 942 0.6700
41346.0000 1407 942 0.6695
41375.0000 1408 942 0.6690
41396.7000 1408 943 0.6697
41409.0000 1409 943 0.6693
41411.7000 1409 944 0.6700
41436.0000 1410 944 0.6695
41461.0000 1411 944 0.6690
41487.0000 1412 944 0.6686
41509.7000 1412 945 0.6693
41519.0000 1413 945 0.6688
41551.0000 1414 945 0.6683
41573.0000 1414 946 0.6690
41584.0000 1415 946 0.6686
41584.5000 1415 947 0.6693
41611.0000 1416 947 0.6688
41637.7000 1416 948 0.6695
41640.0000 1417 948 0.6690
41652.0000 1417 949 0.6697
41661.6000 1417 950 0.6704
41665.1000 1417 951 0.6711
41671.0000 1418 951 0.6707
41677.7000 1418 952 0.6714
41705.0000 1419 952 0.6709
41708.3000 1419 953 0.6716
41708.7000 1419 954 0.6723
41713.6000 1419 955 0.6730
41715.5000 1419 956 0.6737
41739.0000 1420 956 0.6732
41756.9000 1420 957 0.6739
41770.0000 1421 957 0.6735
41796.4000 1421 958 0.6742
41804.0000 1422 958 0.6737
41834.0000 1423 958 0.6732
41843.7000 1423 959 0.6739
41853.4000 1423 960 0.6746
41860.0000 1424 960 0.6742
41863.0000 1424 961 0.6749
41864.8000 1424 962 0.6756
41887.0000 1425 962 0.6751
41913.0000 1426 962 0.6746
41923.3000 1426 963 0.6753
41938.0000 1427 963 0.6748
41968.0000 1428 963 0.6744
41994.0000 1429 963 0.6739
42024.0000 1430 963 0.6734
42055.0000 1431 963 0.6730
42084.0000 1431 964 0.6737
42086.0000 1432 964 0.6732
42112.0000 1433 964 0.6727
42133.8000 1433 965 0.6734
42143.0000 1434 965 0.6729
42176.0000 1435 965 0.6725
42195.6000 1435 966 0.6732
42201.0000 1436 966 0.6727
42220.9000 1436 967 0.6734
42234.0000 1437 967 0.6729
42246.9000 1437 968 0.6736
42256.0000 1437 969 0.6743
42259.0000 1438 969 0.6739
42285.0000 1439 969 0.6734
42314.0000 1440 969 0.6729
42322.3000 1440 970 0.6736
42345.0000 1441 970 0.6731
42376.0000 1442 970 0.6727
42379.2000 1442 971 0.6734
42407.0000 1443 971 0.6729
42438.0000 1444 971 0.6724
42463.0000 1445 971 0.6720
42480.9000 1445 972 0.6727
42482.4000 1445 973 0.6734
42494.0000 1446 973 0.6729
42516.1000 1446 974 0.6736
42521.0000 1447 974 0.6731
42530.7000 1447 975 0.6738
42549.0000 1448 975 0.6733
42555.8000 1448 976 0.6740
42562.7000 1448 977 0.6747
42575.0000 1449 977 0.6743
42583.4000 1449 978 0.6749
42597.0000 1449 979 0.6756
42609.0000 1450 979 0.6752
42627.8000 1450 980 0.6759
42642.0000 1451 980 0.6754
42667.0000 1452 980 0.6749
42677.1000 1452 981 0.6756
42695.0000 1453 981 0.6752
42707.3000 1453 982 0.6758
42724.1000 1453 983 0.6765
42729.0000 1454 983 0.6761
42746.3000 1454 984 0.6768
42754.0000 1455 984 0.6763
42785.0000 1456 984 0.6758
42814.0000 1457 984 0.6754
42821.3000 1457 985 0.6760
42839.6000 1457 986 0.6767
42844.2000 1457 987 0.6774
42846.0000 1458 987 0.6770
42880.0000 1459 987 0.6765
42882.0000 1459 988 0.6772
42885.0000 1459 989 0.6779
42908.0000 1460 989 0.6774
42916.4000 1460 990 0.6781
42926.8000 1460 991 0.6788
42938.0000 1461 991 0.6783
42938.5000 1461 992 0.6790
42940.4000 1461 993 0.6797
42951.4000 1461 994 0.6804
42961.4000 1461 995 0.6810
42964.0000 1462 995 0.6806
42986.3000 1462 996 0.6813
42992.0000 1463 996 0.6808
43019.0000 1464 996 0.6803
43027.1000 1464 997 0.6810
43040.9000 1464 998 0.6817
43049.0000 1465 998 0.6812
43079.2000 1465 999 0.6819
43082.0000 1466 999 0.6814
43114.0000 1467 999 0.6810
43144.0000 1468 999 0.6805
43147.1000 1468 1000 0.6812
43175.0000 1469 1000 0.6807
