# time  created  delivered  delivered/created
33.0000 1 0 0.0000
62.0000 2 0 0.0000
93.0000 3 0 0.0000
119.0000 4 0 0.0000
147.0000 5 0 0.0000
173.0000 6 0 0.0000
200.0000 7 0 0.0000
226.0000 8 0 0.0000
251.0000 9 0 0.0000
281.0000 10 0 0.0000
309.0000 11 0 0.0000
337.0000 12 0 0.0000
364.0000 13 0 0.0000
394.0000 14 0 0.0000
420.0000 15 0 0.0000
446.0000 16 0 0.0000
474.0000 17 0 0.0000
499.0000 18 0 0.0000
527.0000 19 0 0.0000
557.0000 20 0 0.0000
583.0000 21 0 0.0000
611.0000 22 0 0.0000
640.0000 23 0 0.0000
673.0000 24 0 0.0000
704.0000 25 0 0.0000
729.0000 26 0 0.0000
756.0000 27 0 0.0000
779.8000 27 1 0.0370
782.0000 28 1 0.0357
809.0000 29 1 0.0345
837.0000 30 1 0.0333
864.0000 31 1 0.0323
892.0000 32 1 0.0313
917.0000 33 1 0.0303
943.0000 34 1 0.0294
969.0000 35 1 0.0286
999.0000 36 1 0.0278
1024.0000 37 1 0.0270
1055.0000 38 1 0.0263
1080.0000 39 1 0.0256
1105.0000 40 1 0.0250
1133.0000 41 1 0.0244
1161.0000 42 1 0.0238
1195.0000 43 1 0.0233
1222.0000 44 1 0.0227
1235.2000 44 2 0.0455
1249.0000 45 2 0.0444
1283.0000 46 2 0.0435
1316.0000 47 2 0.0426
1350.0000 48 2 0.0417
1377.0000 49 2 0.0408
1410.0000 50 2 0.0400
1440.0000 51 2 0.0392
1474.0000 52 2 0.0385
1501.0000 53 2 0.0377
1534.0000 54 2 0.0370
1560.0000 55 2 0.0364
1589.4000 55 3 0.0545
1591.0000 56 3 0.0536
1620.0000 57 3 0.0526
1646.0000 58 3 0.0517
1678.0000 59 3 0.0508
1712.0000 60 3 0.0500
1738.0000 61 3 0.0492
1769.0000 62 3 0.0484
1800.0000 63 3 0.0476
1826.0000 64 3 0.0469
1852.0000 65 3 0.0462
1883.0000 66 3 0.0455
1908.0000 67 3 0.0448
1939.0000 68 3 0.0441
1966.0000 69 3 0.0435
1997.0000 70 3 0.0429
2002.4000 70 4 0.0571
2027.0000 71 4 0.0563
2059.0000 72 4 0.0556
2068.0000 72 5 0.0694
2088.0000 73 5 0.0685
2118.0000 74 5 0.0676
2145.7000 74 6 0.0811
2146.0000 75 6 0.0800
2171.0000 76 6 0.0789
2204.0000 77 6 0.0779
2230.0000 78 6 0.0769
2257.0000 79 6 0.0759
2287.0000 80 6 0.0750
2316.0000 81 6 0.0741
2346.0000 82 6 0.0732
2371.0000 83 6 0.0723
2371.7000 83 7 0.0843
2405.0000 84 7 0.0833
2431.0000 85 7 0.0824
2459.0000 86 7 0.0814
2490.0000 87 7 0.0805
2490.8000 87 8 0.0920
2522.0000 88 8 0.0909
2553.0000 89 8 0.0899
2582.0000 90 8 0.0889
2609.0000 91 8 0.0879
2636.0000 92 8 0.0870
2666.0000 93 8 0.0860
2693.0000 94 8 0.0851
2721.0000 95 8 0.0842
2734.5000 95 9 0.0947
2755.0000 96 9 0.0938
2766.6000 96 10 0.1042
2784.0000 97 10 0.1031
2815.0000 98 10 0.1020
2849.0000 99 10 0.1010
2869.3000 99 11 0.1111
2880.0000 100 11 0.1100
2887.9000 100 12 0.1200
2910.0000 101 12 0.1188
2930.6000 101 13 0.1287
2937.2000 101 14 0.1386
2941.0000 102 14 0.1373
2969.0000 103 14 0.1359
3003.0000 104 14 0.1346
3010.0000 104 15 0.1442
3032.0000 105 15 0.1429
3058.2000 105 16 0.1524
3064.0000 106 16 0.1509
3093.0000 107 16 0.1495
3118.6000 107 17 0.1589
3122.0000 108 17 0.1574
3156.0000 109 17 0.1560
3173.0000 109 18 0.1651
3183.0000 110 18 0.1636
3210.0000 111 18 0.1622
3221.4000 111 19 0.1712
3240.0000 112 19 0.1696
3269.0000 113 19 0.1681
3285.2000 113 20 0.1770
3298.0000 114 20 0.1754
3325.0000 115 20 0.1739
3347.2000 115 21 0.1826
3350.0000 116 21 0.1810
3382.4000 116 22 0.1897
3384.0000 117 22 0.1880
3411.0000 117 23 0.1966
3417.0000 118 23 0.1949
3442.0000 119 23 0.1933
3469.0000 120 23 0.1917
3497.0000 121 23 0.1901
3522.0000 122 23 0.1885
3552.0000 123 23 0.1870
3581.0000 124 23 0.1855
3607.0000 125 23 0.1840
3636.0000 126 23 0.1825
3670.0000 127 23 0.1811
3696.0000 128 23 0.1797
3724.0000 129 23 0.1783
3758.0000 130 23 0.1769
3790.0000 131 23 0.1756
3792.0000 131 24 0.1832
3802.3000 131 25 0.1908
3814.1000 131 26 0.1985
3815.0000 132 26 0.1970
3843.0000 133 26 0.1955
3871.7000 133 27 0.2030
3875.0000 134 27 0.2015
3888.3000 134 28 0.2090
3903.0000 135 28 0.2074
3935.0000 136 28 0.2059
3960.0000 137 28 0.2044
3992.0000 138 28 0.2029
4026.0000 139 28 0.2014
4049.4000 139 29 0.2086
4054.0000 140 29 0.2071
4088.0000 141 29 0.2057
4098.8000 141 30 0.2128
4120.0000 142 30 0.2113
4147.0000 143 30 0.2098
4150.2000 143 31 0.2168
4178.0000 144 31 0.2153
4179.7000 144 32 0.2222
4206.0000 145 32 0.2207
4235.0000 146 32 0.2192
4263.0000 147 32 0.2177
4291.0000 148 32 0.2162
4294.6000 148 33 0.2230
4323.0000 149 33 0.2215
4327.0000 149 34 0.2282
4353.0000 150 34 0.2267
4380.0000 151 34 0.2252
4409.0000 152 34 0.2237
4431.7000 152 35 0.2303
4441.0000 153 35 0.2288
4472.0000 154 35 0.2273
4494.9000 154 36 0.2338
4502.0000 155 36 0.2323
4529.0000 156 36 0.2308
4559.0000 157 36 0.2293
4593.0000 158 36 0.2278
4610.6000 158 37 0.2342
4619.0000 159 37 0.2327
4647.0000 160 37 0.2313
4673.0000 161 37 0.2298
4687.9000 161 38 0.2360
4693.4000 161 39 0.2422
4697.4000 161 40 0.2484
4700.0000 162 40 0.2469
4731.0000 163 40 0.2454
4733.1000 163 41 0.2515
4761.0000 164 41 0.2500
4791.0000 165 41 0.2485
4795.2000 165 42 0.2545
4817.2000 165 43 0.2606
4824.0000 166 43 0.2590
4837.9000 166 44 0.2651
4854.0000 167 44 0.2635
4862.4000 167 45 0.2695
4865.1000 167 46 0.2754
4883.0000 168 46 0.2738
4908.0000 169 46 0.2722
4939.0000 170 46 0.2706
4967.0000 171 46 0.2690
4992.0000 172 46 0.2674
5020.0000 173 46 0.2659
5031.6000 173 47 0.2717
5046.0000 174 47 0.2701
5048.3000 174 48 0.2759
5051.4000 174 49 0.2816
5078.0000 175 49 0.2800
5104.0000 176 49 0.2784
5104.0000 176 50 0.2841
5134.0000 177 50 0.2825
5159.0000 178 50 0.2809
5185.0000 179 50 0.2793
5215.0000 180 50 0.2778
5225.6000 180 51 0.2833
5245.0000 181 51 0.2818
5256.7000 181 52 0.2873
5274.0000 182 52 0.2857
5288.1000 182 53 0.2912
5300.0000 183 53 0.2896
5302.2000 183 54 0.2951
5311.8000 183 55 0.3005
5329.0000 184 55 0.2989
5356.0000 185 55 0.2973
5389.0000 186 55 0.2957
5417.0000 187 55 0.2941
5424.0000 187 56 0.2995
5450.0000 188 56 0.2979
5483.0000 189 56 0.2963
5517.0000 190 56 0.2947
5548.0000 191 56 0.2932
5563.8000 191 57 0.2984
5579.0000 192 57 0.2969
5608.0000 193 57 0.2953
5641.0000 194 57 0.2938
5671.0000 195 57 0.2923
5704.0000 196 57 0.2908
5726.7000 196 58 0.2959
5734.0000 197 58 0.2944
5739.1000 197 59 0.2995
5768.0000 198 59 0.2980
5780.6000 198 60 0.3030
5794.0000 199 60 0.3015
5822.0000 200 60 0.3000
5850.0000 201 60 0.2985
5875.0000 202 60 0.2970
5904.0000 203 60 0.2956
5911.5000 203 61 0.3005
5938.0000 204 61 0.2990
5951.7000 204 62 0.3039
5966.0000 205 62 0.3024
5967.2000 205 63 0.3073
5996.0000 206 63 0.3058
6021.0000 207 63 0.3043
6022.1000 207 64 0.3092
6051.0000 208 64 0.3077
6085.0000 209 64 0.3062
6114.0000 210 64 0.3048
6141.7000 210 65 0.3095
6142.0000 211 65 0.3081
6173.0000 212 65 0.3066
6202.0000 213 65 0.3052
6209.2000 213 66 0.3099
6218.6000 213 67 0.3146
6231.0000 214 67 0.3131
6262.0000 215 67 0.3116
6291.0000 216 67 0.3102
6323.0000 217 67 0.3088
6352.0000 218 67 0.3073
6364.5000 218 68 0.3119
6382.0000 219 68 0.3105
6391.4000 219 69 0.3151
6410.0000 220 69 0.3136
6436.0000 221 69 0.3122
6448.2000 221 70 0.3167
6469.0000 222 70 0.3153
6500.0000 223 70 0.3139
6525.0000 224 70 0.3125
6538.1000 224 71 0.3170
6549.7000 224 72 0.3214
6553.5000 224 73 0.3259
6558.0000 225 73 0.3244
6575.5000 225 74 0.3289
6585.0000 226 74 0.3274
6590.4000 226 75 0.3319
6619.0000 227 75 0.3304
6651.0000 228 75 0.3289
6675.5000 228 76 0.3333
6678.0000 229 76 0.3319
6687.1000 229 77 0.3362
6710.0000 230 77 0.3348
6742.0000 231 77 0.3333
6770.0000 232 77 0.3319
6796.0000 233 77 0.3305
6827.0000 234 77 0.3291
6833.5000 234 78 0.3333
6840.6000 234 79 0.3376
6844.7000 234 80 0.3419
6848.4000 234 81 0.3462
6856.0000 235 81 0.3447
6874.5000 235 82 0.3489
6889.0000 236 82 0.3475
6893.0000 236 83 0.3517
6895.3000 236 84 0.3559
6914.0000 237 84 0.3544
6942.0000 238 84 0.3529
6970.0000 239 84 0.3515
6974.3000 239 85 0.3556
7000.0000 240 85 0.3542
7028.0000 241 85 0.3527
7053.0000 242 85 0.3512
7083.0000 243 85 0.3498
7114.0000 244 85 0.3484
7142.0000 245 85 0.3469
7167.0000 246 85 0.3455
7175.8000 246 86 0.3496
7179.6000 246 87 0.3537
7191.3000 246 88 0.3577
7199.0000 247 88 0.3563
7215.5000 247 89 0.3603
7231.0000 248 89 0.3589
7264.0000 249 89 0.3574
7295.0000 250 89 0.3560
7309.3000 250 90 0.3600
7329.0000 251 90 0.3586
7341.2000 251 91 0.3625
7360.8000 251 92 0.3665
7361.7000 251 93 0.3705
7363.0000 252 93 0.3690
7392.0000 253 93 0.3676
7417.0000 254 93 0.3661
7450.0000 255 93 0.3647
7480.0000 256 93 0.3633
7507.0000 257 93 0.3619
7532.2000 257 94 0.3658
7538.0000 258 94 0.3643
7569.0000 259 94 0.3629
7594.0000 260 94 0.3615
7626.0000 261 94 0.3602
7656.0000 262 94 0.3588
7688.0000 263 94 0.3574
7715.0000 264 94 0.3561
7746.0000 265 94 0.3547
7771.0000 266 94 0.3534
7796.0000 267 94 0.3521
7823.3000 267 95 0.3558
7828.0000 268 95 0.3545
7856.8000 268 96 0.3582
7860.0000 269 96 0.3569
7879.1000 269 97 0.3606
7889.0000 270 97 0.3593
7917.0000 271 97 0.3579
7934.8000 271 98 0.3616
7948.0000 272 98 0.3603
7982.0000 273 98 0.3590
8006.8000 273 99 0.3626
8015.0000 274 99 0.3613
8044.0000 275 99 0.3600
8052.4000 275 100 0.3636
8070.0000 276 100 0.3623
8100.0000 277 100 0.3610
8109.3000 277 101 0.3646
8133.0000 278 101 0.3633
8165.0000 279 101 0.3620
8194.0000 280 101 0.3607
8221.0000 281 101 0.3594
8225.2000 281 102 0.3630
8249.8000 281 103 0.3665
8253.0000 282 103 0.3652
8253.2000 282 104 0.3688
8278.0000 283 104 0.3675
8305.0000 284 104 0.3662
8327.1000 284 105 0.3697
8338.0000 285 105 0.3684
8363.6000 285 106 0.3719
8372.0000 286 106 0.3706
8401.0000 287 106 0.3693
8413.8000 287 107 0.3728
8426.0000 288 107 0.3715
8453.9000 288 108 0.3750
8456.0000 289 108 0.3737
8486.0000 290 108 0.3724
8514.9000 290 109 0.3759
8515.0000 291 109 0.3746
8547.0000 292 109 0.3733
8575.0000 293 109 0.3720
8602.0000 294 109 0.3707
8605.9000 294 110 0.3741
8628.0000 295 110 0.3729
8640.6000 295 111 0.3763
8654.0000 296 111 0.3750
8671.9000 296 112 0.3784
8686.0000 297 112 0.3771
8718.0000 298 112 0.3758
8724.3000 298 113 0.3792
8745.0000 299 113 0.3779
8755.0000 299 114 0.3813
8778.0000 300 114 0.3800
8804.0000 301 114 0.3787
8824.8000 301 115 0.3821
8828.0000 301 116 0.3854
8832.0000 302 116 0.3841
8864.0000 303 116 0.3828
8893.0000 304 116 0.3816
8923.0000 305 116 0.3803
8951.3000 305 117 0.3836
8957.0000 306 117 0.3824
8987.0000 307 117 0.3811
8990.4000 307 118 0.3844
9019.0000 308 118 0.3831
9028.2000 308 119 0.3864
9051.0000 309 119 0.3851
9056.1000 309 120 0.3883
9080.0000 310 120 0.3871
9114.0000 311 120 0.3859
9144.0000 312 120 0.3846
9177.0000 313 120 0.3834
9204.0000 314 120 0.3822
9208.8000 314 121 0.3854
9230.0000 314 122 0.3885
9236.0000 315 122 0.3873
9265.0000 316 122 0.3861
9295.0000 317 122 0.3849
9326.0000 318 122 0.3836
9338.1000 318 123 0.3868
9345.4000 318 124 0.3899
9353.0000 319 124 0.3887
9378.0000 320 124 0.3875
9403.0000 321 124 0.3863
9432.0000 322 124 0.3851
9438.6000 322 125 0.3882
9461.0000 323 125 0.3870
9487.0000 324 125 0.3858
9521.0000 325 125 0.3846
9547.0000 326 125 0.3834
9579.0000 327 125 0.3823
9592.4000 327 126 0.3853
9605.0000 328 126 0.3841
9628.1000 328 127 0.3872
9630.0000 329 127 0.3860
9650.4000 329 128 0.3891
9653.2000 329 129 0.3921
9657.0000 330 129 0.3909
9685.0000 331 129 0.3897
9712.0000 332 129 0.3886
9739.0000 333 129 0.3874
9764.0000 334 129 0.3862
9783.0000 334 130 0.3892
9792.0000 335 130 0.3881
9819.0000 336 130 0.3869
9832.9000 336 131 0.3899
9852.0000 337 131 0.3887
9879.0000 337 132 0.3917
9880.0000 338 132 0.3905
9899.0000 338 133 0.3935
9912.0000 339 133 0.3923
9924.1000 339 134 0.3953
9933.0000 339 135 0.3982
9935.8000 339 136 0.4012
9946.0000 340 136 0.4000
9979.0000 341 136 0.3988
10008.0000 341 137 0.4018
10013.0000 342 137 0.4006
10044.0000 343 137 0.3994
10059.0000 343 138 0.4023
10070.0000 344 138 0.4012
10096.0000 345 138 0.4000
10124.0000 346 138 0.3988
10154.0000 347 138 0.3977
10183.0000 348 138 0.3966
10191.6000 348 139 0.3994
10211.0000 349 139 0.3983
10217.4000 349 140 0.4011
10240.0000 350 140 0.4000
10270.0000 351 140 0.3989
10291.1000 351 141 0.4017
10294.0000 351 142 0.4046
10303.0000 352 142 0.4034
10324.4000 352 143 0.4063
10336.0000 353 143 0.4051
10367.0000 354 143 0.4040
10394.0000 355 143 0.4028
10428.0000 356 143 0.4017
10461.0000 357 143 0.4006
10489.0000 358 143 0.3994
10498.8000 358 144 0.4022
10520.0000 359 144 0.4011
10534.1000 359 145 0.4039
10536.8000 359 146 0.4067
10551.0000 360 146 0.4056
10558.1000 360 147 0.4083
10582.0000 361 147 0.4072
10593.6000 361 148 0.4100
10611.0000 362 148 0.4088
10623.4000 362 149 0.4116
10645.0000 363 149 0.4105
10662.9000 363 150 0.4132
10677.0000 364 150 0.4121
10707.2000 364 151 0.4148
10711.0000 365 151 0.4137
10742.0000 366 151 0.4126
10773.0000 367 151 0.4114
10806.0000 368 151 0.4103
10835.0000 369 151 0.4092
10860.8000 369 152 0.4119
10863.0000 370 152 0.4108
10897.0000 371 152 0.4097
10899.5000 371 153 0.4124
10925.0000 372 153 0.4113
10955.0000 373 153 0.4102
10955.2000 373 154 0.4129
10969.8000 373 155 0.4155
10985.0000 374 155 0.4144
10987.7000 374 156 0.4171
10988.5000 374 157 0.4198
11015.0000 375 157 0.4187
11039.1000 375 158 0.4213
11046.0000 376 158 0.4202
11074.8000 376 159 0.4229
11077.0000 377 159 0.4218
11105.0000 378 159 0.4206
11108.0000 378 160 0.4233
11125.7000 378 161 0.4259
11131.0000 379 161 0.4248
11165.0000 380 161 0.4237
11191.0000 381 161 0.4226
11222.0000 382 161 0.4215
11239.4000 382 162 0.4241
11247.0000 383 162 0.4230
11281.0000 384 162 0.4219
11308.3000 384 163 0.4245
11315.0000 385 163 0.4234
11348.0000 386 163 0.4223
11353.4000 386 164 0.4249
11379.0000 387 164 0.4238
11395.4000 387 165 0.4264
11408.0000 388 165 0.4253
11414.1000 388 166 0.4278
11424.9000 388 167 0.4304
11429.6000 388 168 0.4330
11437.0000 389 168 0.4319
11469.0000 390 168 0.4308
11494.0000 391 168 0.4297
11524.0000 392 168 0.4286
11554.0000 393 168 0.4275
11555.3000 393 169 0.4300
11578.3000 393 170 0.4326
11584.0000 394 170 0.4315
11607.4000 394 171 0.4340
11613.0000 395 171 0.4329
11646.0000 396 171 0.4318
11677.0000 397 171 0.4307
11702.4000 397 172 0.4332
11709.0000 398 172 0.4322
11714.4000 398 173 0.4347
11736.0000 399 173 0.4336
11762.0000 400 173 0.4325
11796.0000 401 173 0.4314
11828.0000 402 173 0.4303
11857.0000 403 173 0.4293
11888.0000 404 173 0.4282
11914.0000 405 173 0.4272
11922.4000 405 174 0.4296
11945.0000 406 174 0.4286
11961.2000 406 175 0.4310
11979.0000 407 175 0.4300
12009.0000 408 175 0.4289
12040.0000 409 175 0.4279
12050.6000 409 176 0.4303
12054.0000 409 177 0.4328
12067.0000 410 177 0.4317
12100.0000 411 177 0.4307
12104.0000 411 178 0.4331
12104.5000 411 179 0.4355
12117.4000 411 180 0.4380
12127.0000 412 180 0.4369
12144.1000 412 181 0.4393
12147.2000 412 182 0.4417
12154.0000 413 182 0.4407
12155.6000 413 183 0.4431
12182.0000 414 183 0.4420
12207.0000 415 183 0.4410
12230.8000 415 184 0.4434
12234.0000 416 184 0.4423
12253.4000 416 185 0.4447
12262.0000 417 185 0.4436
12275.1000 417 186 0.4460
12294.0000 418 186 0.4450
12328.0000 419 186 0.4439
12360.0000 420 186 0.4429
12393.0000 421 186 0.4418
12426.0000 422 186 0.4408
12451.0000 423 186 0.4397
12456.2000 423 187 0.4421
12474.3000 423 188 0.4444
12476.0000 424 188 0.4434
12509.0000 425 188 0.4424
12534.4000 425 189 0.4447
12536.0000 426 189 0.4437
12568.0000 427 189 0.4426
12594.0000 428 189 0.4416
12628.0000 429 189 0.4406
12661.0000 430 189 0.4395
12694.0000 431 189 0.4385
12709.9000 431 190 0.4408
12719.7000 431 191 0.4432
12720.0000 432 191 0.4421
12739.4000 432 192 0.4444
12742.7000 432 193 0.4468
12751.0000 433 193 0.4457
12784.0000 434 193 0.4447
12818.0000 435 193 0.4437
12851.0000 436 193 0.4427
12885.0000 437 193 0.4416
12913.0000 438 193 0.4406
12945.0000 439 193 0.4396
12961.8000 439 194 0.4419
12966.0000 439 195 0.4442
12969.6000 439 196 0.4465
12979.0000 440 196 0.4455
13010.0000 441 196 0.4444
13038.0000 442 196 0.4434
13056.3000 442 197 0.4457
13070.0000 443 197 0.4447
13103.0000 444 197 0.4437
13135.0000 445 197 0.4427
13166.0000 446 197 0.4417
13171.5000 446 198 0.4439
13192.6000 446 199 0.4462
13193.0000 447 199 0.4452
13195.0000 447 200 0.4474
13222.0000 448 200 0.4464
13247.0000 449 200 0.4454
13273.0000 450 200 0.4444
13306.0000 451 200 0.4435
13334.1000 451 201 0.4457
13337.0000 452 201 0.4447
13338.0000 452 202 0.4469
13365.0000 453 202 0.4459
13390.5000 453 203 0.4481
13392.0000 454 203 0.4471
13425.0000 455 203 0.4462
13457.0000 456 203 0.4452
13465.4000 456 204 0.4474
13483.0000 457 204 0.4464
13512.0000 458 204 0.4454
13533.6000 458 205 0.4476
13544.0000 459 205 0.4466
13571.9000 459 206 0.4488
13576.0000 460 206 0.4478
13593.8000 460 207 0.4500
13606.0000 461 207 0.4490
13636.0000 462 207 0.4481
13667.0000 463 207 0.4471
13694.0000 464 207 0.4461
13728.0000 465 207 0.4452
13728.1000 465 208 0.4473
13760.0000 466 208 0.4464
13787.0000 467 208 0.4454
13814.6000 467 209 0.4475
13816.0000 468 209 0.4466
13849.0000 469 209 0.4456
13880.0000 470 209 0.4447
13894.4000 470 210 0.4468
13894.7000 470 211 0.4489
13912.0000 471 211 0.4480
13943.0000 472 211 0.4470
13970.0000 473 211 0.4461
13999.2000 473 212 0.4482
14002.0000 474 212 0.4473
14029.0000 475 212 0.4463
14063.0000 476 212 0.4454
14097.0000 477 212 0.4444
14113.6000 477 213 0.4465
14118.8000 477 214 0.4486
14126.0000 478 214 0.4477
14160.0000 479 214 0.4468
14191.0000 480 214 0.4458
14200.5000 480 215 0.4479
14216.6000 480 216 0.4500
14217.0000 481 216 0.4491
14236.8000 481 217 0.4511
14242.0000 482 217 0.4502
14275.0000 483 217 0.4493
14307.0000 484 217 0.4483
14310.5000 484 218 0.4504
14336.0000 485 218 0.4495
14367.0000 486 218 0.4486
14398.0000 487 218 0.4476
14423.0000 488 218 0.4467
14439.6000 488 219 0.4488
14443.3000 488 220 0.4508
14450.0000 489 220 0.4499
14468.5000 489 221 0.4519
14482.0000 490 221 0.4510
14508.0000 491 221 0.4501
14528.9000 491 222 0.4521
14540.0000 492 222 0.4512
14566.0000 493 222 0.4503
14574.0000 493 223 0.4523
14600.0000 494 223 0.4514
14633.0000 495 223 0.4505
14663.0000 496 223 0.4496
14695.0000 497 223 0.4487
14705.1000 497 224 0.4507
14711.8000 497 225 0.4527
14727.0000 498 225 0.4518
14761.0000 499 225 0.4509
14790.0000 500 225 0.4500
14821.0000 501 225 0.4491
14853.0000 502 225 0.4482
14857.1000 502 226 0.4502
14875.1000 502 227 0.4522
14878.0000 503 227 0.4513
14906.0000 504 227 0.4504
14916.9000 504 228 0.4524
14932.0000 505 228 0.4515
14934.9000 505 229 0.4535
14964.0000 506 229 0.4526
14989.0000 507 229 0.4517
15022.0000 508 229 0.4508
15052.1000 508 230 0.4528
15055.0000 509 230 0.4519
15088.0000 510 230 0.4510
15117.0000 511 230 0.4501
15144.0000 512 230 0.4492
15170.0000 513 230 0.4483
15195.0000 514 230 0.4475
15225.0000 515 230 0.4466
15251.0000 516 230 0.4457
15284.0000 517 230 0.4449
15318.0000 518 230 0.4440
15334.0000 518 231 0.4459
15346.0000 519 231 0.4451
15374.0000 520 231 0.4442
15381.1000 520 232 0.4462
15399.0000 521 232 0.4453
15432.0000 522 232 0.4444
15458.0000 523 232 0.4436
15462.8000 523 233 0.4455
15491.0000 524 233 0.4447
15520.0000 525 233 0.4438
15535.1000 525 234 0.4457
15546.0000 526 234 0.4449
15566.8000 526 235 0.4468
15577.0000 527 235 0.4459
15584.7000 527 236 0.4478
15603.0000 528 236 0.4470
15633.0000 529 236 0.4461
15665.0000 530 236 0.4453
15691.0000 531 236 0.4444
15717.0000 532 236 0.4436
15724.8000 532 237 0.4455
15751.0000 533 237 0.4447
15773.4000 533 238 0.4465
15784.0000 534 238 0.4457
15793.1000 534 239 0.4476
15809.0000 535 239 0.4467
15839.0000 536 239 0.4459
15839.7000 536 240 0.4478
15856.7000 536 241 0.4496
15873.0000 537 241 0.4488
15874.7000 537 242 0.4507
15878.6000 537 243 0.4525
15879.6000 537 244 0.4544
15898.0000 538 244 0.4535
15907.2000 538 245 0.4554
15932.0000 539 245 0.4545
15956.2000 539 246 0.4564
15962.0000 540 246 0.4556
15963.1000 540 247 0.4574
15988.0000 541 247 0.4566
16016.0000 542 247 0.4557
16048.0000 543 247 0.4549
16064.2000 543 248 0.4567
16076.0000 544 248 0.4559
16079.6000 544 249 0.4577
16103.0000 545 249 0.4569
16124.1000 545 250 0.4587
16128.0000 546 250 0.4579
16154.0000 547 250 0.4570
16156.2000 547 251 0.4589
16169.6000 547 252 0.4607
16188.0000 548 252 0.4599
16221.0000 549 252 0.4590
16235.9000 549 253 0.4608
16253.0000 550 253 0.4600
16284.7000 550 254 0.4618
16285.0000 551 254 0.4610
16317.0000 552 254 0.4601
16346.0000 553 254 0.4593
16372.9000 553 255 0.4611
16378.0000 554 255 0.4603
16401.8000 554 256 0.4621
16405.4000 554 257 0.4639
16408.0000 555 257 0.4631
16421.6000 555 258 0.4649
16440.0000 556 258 0.4640
16450.6000 556 259 0.4658
16464.8000 556 260 0.4676
16467.0000 557 260 0.4668
16492.0000 558 260 0.4659
16518.0000 559 260 0.4651
16547.0000 560 260 0.4643
16575.0000 561 260 0.4635
16606.0000 562 260 0.4626
16611.3000 562 261 0.4644
16615.8000 562 262 0.4662
16631.0000 563 262 0.4654
16640.3000 563 263 0.4671
16654.9000 563 264 0.4689
16657.4000 563 265 0.4707
16661.0000 564 265 0.4699
16688.0000 565 265 0.4690
16718.0000 566 265 0.4682
16736.3000 566 266 0.4700
16746.0000 567 266 0.4691
16760.9000 567 267 0.4709
16762.8000 567 268 0.4727
16771.8000 567 269 0.4744
16772.0000 568 269 0.4736
16785.6000 568 270 0.4754
16801.0000 569 270 0.4745
16805.3000 569 271 0.4763
16812.5000 569 272 0.4780
16825.1000 569 273 0.4798
16827.6000 569 274 0.4815
16833.0000 570 274 0.4807
16865.2000 570 275 0.4825
16867.0000 571 275 0.4816
16894.4000 571 276 0.4834
16900.0000 572 276 0.4825
16927.0000 573 276 0.4817
16938.6000 573 277 0.4834
16959.0000 574 277 0.4826
16988.0000 575 277 0.4817
17010.7000 575 278 0.4835
17013.0000 576 278 0.4826
17034.1000 576 279 0.4844
17044.0000 577 279 0.4835
17069.0000 578 279 0.4827
17098.9000 578 280 0.4844
17100.0000 579 280 0.4836
17128.0000 580 280 0.4828
17153.8000 580 281 0.4845
17159.0000 581 281 0.4836
17192.0000 582 281 0.4828
17225.0000 583 281 0.4820
17243.3000 583 282 0.4837
17258.0000 584 282 0.4829
17290.0000 585 282 0.4821
17290.2000 585 283 0.4838
17318.0000 586 283 0.4829
17326.3000 586 284 0.4846
17344.0000 587 284 0.4838
17361.6000 587 285 0.4855
17367.8000 587 286 0.4872
17377.0000 588 286 0.4864
17405.0000 589 286 0.4856
17407.7000 589 287 0.4873
17430.0000 590 287 0.4864
17443.7000 590 288 0.4881
17458.0000 591 288 0.4873
17483.0000 592 288 0.4865
17500.2000 592 289 0.4882
17509.0000 593 289 0.4874
17512.1000 593 290 0.4890
17512.5000 593 291 0.4907
17534.0000 594 291 0.4899
17544.4000 594 292 0.4916
17548.7000 594 293 0.4933
17568.0000 595 293 0.4924
17589.1000 595 294 0.4941
17595.0000 596 294 0.4933
17620.0000 597 294 0.4925
17624.6000 597 295 0.4941
17643.1000 597 296 0.4958
17653.0000 598 296 0.4950
17674.6000 598 297 0.4967
17684.0000 599 297 0.4958
17711.0000 600 297 0.4950
17743.0000 601 297 0.4942
17751.9000 601 298 0.4958
17773.0000 602 298 0.4950
17798.0000 603 298 0.4942
17828.0000 604 298 0.4934
17855.0000 605 298 0.4926
17858.4000 605 299 0.4942
17883.0000 606 299 0.4934
17893.0000 606 300 0.4950
17916.0000 607 300 0.4942
17943.0000 608 300 0.4934
17974.0000 609 300 0.4926
18001.6000 609 301 0.4943
18004.0000 610 301 0.4934
18034.3000 610 302 0.4951
18035.0000 611 302 0.4943
18048.8000 611 303 0.4959
18069.0000 612 303 0.4951
18094.0000 613 303 0.4943
18101.2000 613 304 0.4959
18121.2000 613 305 0.4976
18126.0000 614 305 0.4967
18158.0000 615 305 0.4959
18189.0000 616 305 0.4951
18202.5000 616 306 0.4968
18211.8000 616 307 0.4984
18215.0000 617 307 0.4976
18245.0000 618 307 0.4968
18257.3000 618 308 0.4984
18274.0000 619 308 0.4976
18285.3000 619 309 0.4992
18298.6000 619 310 0.5008
18307.0000 620 310 0.5000
18338.0000 621 310 0.4992
18364.0000 622 310 0.4984
18371.9000 622 311 0.5000
18393.0000 623 311 0.4992
18413.9000 623 312 0.5008
18418.0000 624 312 0.5000
18452.0000 625 312 0.4992
18455.7000 625 313 0.5008
18474.4000 625 314 0.5024
18479.1000 625 315 0.5040
18481.0000 626 315 0.5032
18510.0000 627 315 0.5024
18543.0000 628 315 0.5016
18569.0000 629 315 0.5008
18600.0000 630 315 0.5000
18603.4000 630 316 0.5016
18630.0000 631 316 0.5008
18656.2000 631 317 0.5024
18657.0000 632 317 0.5016
18683.0000 633 317 0.5008
18692.1000 633 318 0.5024
18717.0000 634 318 0.5016
18718.4000 634 319 0.5032
18742.3000 634 320 0.5047
18744.0000 635 320 0.5039
18775.0000 636 320 0.5031
18803.0000 637 320 0.5024
18834.0000 638 320 0.5016
18847.6000 638 321 0.5031
18866.6000 638 322 0.5047
18868.0000 639 322 0.5039
18883.3000 639 323 0.5055
18898.0000 640 323 0.5047
18924.9000 640 324 0.5063
18927.0000 641 324 0.5055
18956.0000 642 324 0.5047
18972.1000 642 325 0.5062
18987.0000 643 325 0.5054
19000.0000 643 326 0.5070
19003.9000 643 327 0.5086
19013.0000 644 327 0.5078
19033.5000 644 328 0.5093
19042.0000 645 328 0.5085
19073.0000 646 328 0.5077
19080.1000 646 329 0.5093
19090.2000 646 330 0.5108
19100.0000 647 330 0.5100
19109.1000 647 331 0.5116
19133.0000 648 331 0.5108
19157.7000 648 332 0.5123
19161.7000 648 333 0.5139
19162.0000 649 333 0.5131
19184.9000 649 334 0.5146
19187.3000 649 335 0.5162
19195.0000 650 335 0.5154
19215.3000 650 336 0.5169
19225.0000 651 336 0.5161
19228.0000 651 337 0.5177
19229.0000 651 338 0.5192
19240.4000 651 339 0.5207
19255.7000 651 340 0.5223
19256.0000 652 340 0.5215
19274.0000 652 341 0.5230
19287.0000 653 341 0.5222
19316.0000 654 341 0.5214
19335.3000 654 342 0.5229
19344.0000 655 342 0.5221
19376.0000 656 342 0.5213
19406.0000 657 342 0.5205
19411.3000 657 343 0.5221
19435.0000 658 343 0.5213
19455.9000 658 344 0.5228
19469.0000 659 344 0.5220
19472.7000 659 345 0.5235
19494.0000 660 345 0.5227
19500.9000 660 346 0.5242
19515.8000 660 347 0.5258
19522.0000 661 347 0.5250
19552.0000 662 347 0.5242
19577.0000 663 347 0.5234
19609.0000 664 347 0.5226
19640.0000 665 347 0.5218
19667.0000 666 347 0.5210
19673.7000 666 348 0.5225
19696.0000 667 348 0.5217
19704.4000 667 349 0.5232
19707.6000 667 350 0.5247
19728.0000 668 350 0.5240
19756.0000 669 350 0.5232
19781.0000 670 350 0.5224
19806.0000 671 350 0.5216
19807.5000 671 351 0.5231
19838.0000 672 351 0.5223
19840.7000 672 352 0.5238
19872.0000 673 352 0.5230
19887.7000 673 353 0.5245
19902.0000 674 353 0.5237
19903.9000 674 354 0.5252
19924.8000 674 355 0.5267
19932.0000 675 355 0.5259
19959.0000 676 355 0.5251
19989.0000 677 355 0.5244
20004.5000 677 356 0.5258
20014.5000 677 357 0.5273
20015.0000 678 357 0.5265
20016.3000 678 358 0.5280
20041.0000 679 358 0.5272
20046.5000 679 359 0.5287
20052.4000 679 360 0.5302
20073.0000 680 360 0.5294
20102.0000 681 360 0.5286
20127.0000 682 360 0.5279
20154.0000 683 360 0.5271
20181.0000 684 360 0.5263
20206.0000 685 360 0.5255
20235.2000 685 361 0.5270
20236.0000 686 361 0.5262
20266.0000 687 361 0.5255
20290.4000 687 362 0.5269
20293.0000 688 362 0.5262
20307.6000 688 363 0.5276
20327.0000 689 363 0.5269
20329.4000 689 364 0.5283
20340.3000 689 365 0.5298
20361.0000 690 365 0.5290
20393.0000 691 365 0.5282
20421.0000 692 365 0.5275
20433.6000 692 366 0.5289
20452.0000 693 366 0.5281
20452.2000 693 367 0.5296
20478.0000 694 367 0.5288
20506.0000 695 367 0.5281
20511.3000 695 368 0.5295
20534.0000 696 368 0.5287
20567.0000 697 368 0.5280
20597.0000 698 368 0.5272
20622.0000 699 368 0.5265
20642.7000 699 369 0.5279
20649.0000 700 369 0.5271
20649.6000 700 370 0.5286
20679.0000 701 370 0.5278
20705.0000 702 370 0.5271
20709.9000 702 371 0.5285
20739.0000 703 371 0.5277
20768.0000 704 371 0.5270
20799.0000 705 371 0.5262
20833.0000 706 371 0.5255
20846.9000 706 372 0.5269
20848.1000 706 373 0.5283
20850.2000 706 374 0.5297
20851.8000 706 375 0.5312
20864.0000 707 375 0.5304
20893.0000 708 375 0.5297
20925.0000 709 375 0.5289
20932.0000 709 376 0.5303
20944.6000 709 377 0.5317
20956.0000 710 377 0.5310
20990.0000 711 377 0.5302
21000.5000 711 378 0.5316
21015.0000 712 378 0.5309
21029.8000 712 379 0.5323
21048.0000 713 379 0.5316
21077.0000 714 379 0.5308
21084.0000 714 380 0.5322
21108.0000 715 380 0.5315
21139.0000 716 380 0.5307
21170.0000 717 380 0.5300
21187.6000 717 381 0.5314
21198.0000 718 381 0.5306
21224.0000 719 381 0.5299
21224.3000 719 382 0.5313
21247.5000 719 383 0.5327
21255.0000 720 383 0.5319
21266.3000 720 384 0.5333
21270.2000 720 385 0.5347
21288.0000 721 385 0.5340
21302.1000 721 386 0.5354
21309.8000 721 387 0.5368
21319.0000 722 387 0.5360
21347.0000 723 387 0.5353
21359.6000 723 388 0.5367
21367.1000 723 389 0.5380
21378.0000 724 389 0.5373
21406.0000 725 389 0.5366
21438.0000 726 389 0.5358
21466.0000 727 389 0.5351
21494.0000 728 389 0.5343
21525.0000 729 389 0.5336
21525.1000 729 390 0.5350
21556.0000 730 390 0.5342
21587.2000 730 391 0.5356
21590.0000 731 391 0.5349
21619.0000 732 391 0.5342
21644.0000 733 391 0.5334
21676.0000 734 391 0.5327
21709.0000 735 391 0.5320
21710.7000 735 392 0.5333
21735.0000 736 392 0.5326
21764.0000 737 392 0.5319
21770.3000 737 393 0.5332
21774.2000 737 394 0.5346
21790.0000 738 394 0.5339
21821.0000 739 394 0.5332
21852.0000 740 394 0.5324
21861.1000 740 395 0.5338
21873.0000 740 396 0.5351
21879.9000 740 397 0.5365
21882.0000 741 397 0.5358
21916.0000 742 397 0.5350
21944.0000 743 397 0.5343
21978.0000 744 397 0.5336
21990.3000 744 398 0.5349
22011.0000 745 398 0.5342
22037.0000 746 398 0.5335
22068.0000 747 398 0.5328
22084.4000 747 399 0.5341
22094.0000 748 399 0.5334
22122.6000 748 400 0.5348
22126.0000 749 400 0.5340
22134.8000 749 401 0.5354
22158.0000 750 401 0.5347
22183.0000 751 401 0.5340
22216.0000 752 401 0.5332
22242.0000 753 401 0.5325
22267.1000 753 402 0.5339
22274.0000 754 402 0.5332
22283.0000 754 403 0.5345
22305.0000 755 403 0.5338
22312.0000 755 404 0.5351
22321.6000 755 405 0.5364
22336.3000 755 406 0.5377
22339.0000 756 406 0.5370
22372.0000 757 406 0.5363
22384.1000 757 407 0.5376
22403.0000 758 407 0.5369
22415.6000 758 408 0.5383
22431.0000 759 408 0.5375
22462.0000 760 408 0.5368
22491.0000 761 408 0.5361
22520.0000 762 408 0.5354
22541.5000 762 409 0.5367
22550.0000 763 409 0.5360
22557.3000 763 410 0.5374
22572.1000 763 411 0.5387
22579.0000 764 411 0.5380
22604.0000 765 411 0.5373
22634.0000 766 411 0.5366
22663.0000 767 411 0.5359
22682.6000 767 412 0.5372
22694.0000 768 412 0.5365
22720.0000 769 412 0.5358
22725.2000 769 413 0.5371
22753.0000 770 413 0.5364
22777.8000 770 414 0.5377
22786.0000 771 414 0.5370
22801.3000 771 415 0.5383
22812.0000 772 415 0.5376
22838.3000 772 416 0.5389
22838.8000 772 417 0.5402
22843.0000 773 417 0.5395
22871.0000 774 417 0.5388
22900.1000 774 418 0.5401
22905.0000 775 418 0.5394
22908.0000 775 419 0.5406
22933.0000 776 419 0.5399
22955.1000 776 420 0.5412
22961.0000 777 420 0.5405
22986.0000 778 420 0.5398
22989.2000 778 421 0.5411
23014.0000 779 421 0.5404
23040.0000 780 421 0.5397
23064.5000 780 422 0.5410
23069.0000 781 422 0.5403
23090.4000 781 423 0.5416
23097.2000 781 424 0.5429
23103.0000 782 424 0.5422
23124.2000 782 425 0.5435
23135.0000 783 425 0.5428
23144.9000 783 426 0.5441
23166.0000 783 427 0.5453
23167.0000 784 427 0.5446
23201.0000 785 427 0.5439
23204.8000 785 428 0.5452
23229.0000 786 428 0.5445
23245.5000 786 429 0.5458
23252.5000 786 430 0.5471
23256.0000 787 430 0.5464
23290.0000 788 430 0.5457
23314.5000 788 431 0.5470
23317.0000 789 431 0.5463
23329.8000 789 432 0.5475
23343.0000 790 432 0.5468
23372.0000 791 432 0.5461
23378.4000 791 433 0.5474
23400.0000 792 433 0.5467
23409.1000 792 434 0.5480
23409.2000 792 435 0.5492
23415.9000 792 436 0.5505
23425.0000 793 436 0.5498
23455.0000 794 436 0.5491
23465.3000 794 437 0.5504
23487.0000 795 437 0.5497
23507.7000 795 438 0.5509
23516.0000 796 438 0.5503
23528.2000 796 439 0.5515
23536.7000 796 440 0.5528
23548.0000 797 440 0.5521
23578.0000 798 440 0.5514
23603.0000 799 440 0.5507
23632.0000 800 440 0.5500
23635.2000 800 441 0.5513
23636.3000 800 442 0.5525
23652.8000 800 443 0.5538
23655.0000 800 444 0.5550
23657.0000 801 444 0.5543
23687.0000 802 444 0.5536
23716.0000 803 444 0.5529
23717.1000 803 445 0.5542
23741.5000 803 446 0.5554
23743.7000 803 447 0.5567
23749.0000 804 447 0.5560
23757.9000 804 448 0.5572
23781.0000 805 448 0.5565
23814.0000 806 448 0.5558
23826.8000 806 449 0.5571
23834.5000 806 450 0.5583
23834.9000 806 451 0.5596
23845.0000 807 451 0.5589
23870.0000 808 451 0.5582
23883.9000 808 452 0.5594
23900.0000 809 452 0.5587
23904.9000 809 453 0.5600
23923.9000 809 454 0.5612
23931.0000 810 454 0.5605
23934.2000 810 455 0.5617
23940.4000 810 456 0.5630
23942.0000 810 457 0.5642
23956.0000 811 457 0.5635
23965.9000 811 458 0.5647
23984.0000 812 458 0.5640
24015.0000 813 458 0.5633
24049.0000 814 458 0.5627
24076.0000 815 458 0.5620
24081.9000 815 459 0.5632
24089.3000 815 460 0.5644
24101.0000 816 460 0.5637
24125.4000 816 461 0.5650
24128.8000 816 462 0.5662
24130.2000 816 463 0.5674
24133.0000 817 463 0.5667
24136.3000 817 464 0.5679
24165.0000 818 464 0.5672
24183.2000 818 465 0.5685
24190.2000 818 466 0.5697
24192.7000 818 467 0.5709
24194.0000 819 467 0.5702
24227.0000 820 467 0.5695
24261.0000 821 467 0.5688
24287.9000 821 468 0.5700
24291.0000 822 468 0.5693
24320.0000 823 468 0.5687
24340.4000 823 469 0.5699
24348.0000 824 469 0.5692
24356.2000 824 470 0.5704
24378.0000 825 470 0.5697
24411.0000 826 470 0.5690
24424.1000 826 471 0.5702
24433.0000 826 472 0.5714
24445.0000 827 472 0.5707
24470.0000 828 472 0.5700
24495.0000 829 472 0.5694
24503.4000 829 473 0.5706
24527.0000 830 473 0.5699
24542.0000 830 474 0.5711
24555.0000 831 474 0.5704
24575.5000 831 475 0.5716
24581.0000 832 475 0.5709
24615.0000 833 475 0.5702
24642.0000 834 475 0.5695
24669.8000 834 476 0.5707
24670.0000 835 476 0.5701
24703.0000 836 476 0.5694
24729.0000 837 476 0.5687
24759.1000 837 477 0.5699
24763.0000 838 477 0.5692
24764.2000 838 478 0.5704
24793.0000 839 478 0.5697
24816.2000 839 479 0.5709
24823.0000 840 479 0.5702
24851.0000 841 479 0.5696
24880.0000 842 479 0.5689
24883.9000 842 480 0.5701
24911.0000 843 480 0.5694
24940.9000 843 481 0.5706
24941.0000 844 481 0.5699
24971.0000 845 481 0.5692
24971.4000 845 482 0.5704
24996.0000 846 482 0.5697
25002.9000 846 483 0.5709
25009.1000 846 484 0.5721
25010.6000 846 485 0.5733
25029.0000 847 485 0.5726
25054.0000 848 485 0.5719
25081.0000 849 485 0.5713
25106.0000 850 485 0.5706
25139.0000 851 485 0.5699
25165.0000 852 485 0.5692
25172.5000 852 486 0.5704
25194.0000 853 486 0.5698
25214.3000 853 487 0.5709
25226.0000 854 487 0.5703
25254.0000 855 487 0.5696
25283.0000 856 487 0.5689
25301.8000 856 488 0.5701
25310.0000 857 488 0.5694
25313.9000 857 489 0.5706
25340.0000 857 490 0.5718
25341.0000 858 490 0.5711
25368.0000 859 490 0.5704
25385.0000 859 491 0.5716
25394.0000 860 491 0.5709
25398.0000 860 492 0.5721
25427.0000 861 492 0.5714
25450.8000 861 493 0.5726
25460.0000 862 493 0.5719
25466.8000 862 494 0.5731
25489.0000 863 494 0.5724
25516.0000 864 494 0.5718
25548.0000 865 494 0.5711
25580.0000 866 494 0.5704
25608.0000 867 494 0.5698
25619.8000 867 495 0.5709
25638.1000 867 496 0.5721
25641.0000 868 496 0.5714
25653.7000 868 497 0.5726
25669.0000 869 497 0.5719
25698.0000 870 497 0.5713
25709.6000 870 498 0.5724
25715.1000 870 499 0.5736
25732.0000 871 499 0.5729
25741.8000 871 500 0.5741
25758.3000 871 501 0.5752
25762.0000 872 501 0.5745
25774.1000 872 502 0.5757
25783.1000 872 503 0.5768
25791.0000 873 503 0.5762
25817.0000 874 503 0.5755
25846.0000 875 503 0.5749
25879.0000 876 503 0.5742
25906.0000 877 503 0.5735
25919.6000 877 504 0.5747
25931.0000 878 504 0.5740
25957.0000 879 504 0.5734
25982.0000 880 504 0.5727
25997.1000 880 505 0.5739
26008.0000 881 505 0.5732
26035.0000 882 505 0.5726
26069.0000 883 505 0.5719
26082.8000 883 506 0.5730
26092.4000 883 507 0.5742
26100.0000 884 507 0.5735
26100.4000 884 508 0.5747
26102.5000 884 509 0.5758
26130.0000 885 509 0.5751
26155.0000 886 509 0.5745
26166.5000 886 510 0.5756
26180.0000 887 510 0.5750
26210.0000 888 510 0.5743
26222.4000 888 511 0.5755
26243.0000 889 511 0.5748
26251.5000 889 512 0.5759
26270.0000 890 512 0.5753
26299.0000 891 512 0.5746
26301.7000 891 513 0.5758
26326.0000 892 513 0.5751
26344.0000 892 514 0.5762
26353.0000 893 514 0.5756
26371.5000 893 515 0.5767
26375.5000 893 516 0.5778
26385.0000 894 516 0.5772
26402.3000 894 517 0.5783
26411.1000 894 518 0.5794
26418.0000 895 518 0.5788
26451.0000 896 518 0.5781
26464.8000 896 519 0.5792
26480.0000 897 519 0.5786
26484.3000 897 520 0.5797
26486.8000 897 521 0.5808
26510.0000 898 521 0.5802
26538.0000 899 521 0.5795
26540.6000 899 522 0.5806
26556.2000 899 523 0.5818
26561.0000 899 524 0.5829
26570.0000 900 524 0.5822
26599.0000 901 524 0.5816
26630.0000 902 524 0.5809
26642.0000 902 525 0.5820
26655.0000 903 525 0.5814
26687.0000 904 525 0.5808
26721.0000 905 525 0.5801
26722.9000 905 526 0.5812
26753.0000 906 526 0.5806
26769.1000 906 527 0.5817
26785.0000 907 527 0.5810
26805.5000 907 528 0.5821
26810.0000 908 528 0.5815
26818.5000 908 529 0.5826
26840.0000 909 529 0.5820
26853.8000 909 530 0.5831
26863.4000 909 531 0.5842
26874.0000 910 531 0.5835
26894.4000 910 532 0.5846
26901.0000 911 532 0.5840
26903.0000 911 533 0.5851
26912.9000 911 534 0.5862
26924.9000 911 535 0.5873
26931.0000 912 535 0.5866
26942.6000 912 536 0.5877
26961.0000 913 536 0.5871
26992.0000 914 536 0.5864
27021.0000 915 536 0.5858
27035.3000 915 537 0.5869
27055.0000 916 537 0.5862
27081.0000 917 537 0.5856
27100.6000 917 538 0.5867
27111.0000 918 538 0.5861
27113.9000 918 539 0.5871
27131.3000 918 540 0.5882
27132.6000 918 541 0.5893
27140.0000 919 541 0.5887
27152.8000 919 542 0.5898
27154.7000 919 543 0.5909
27165.0000 920 543 0.5902
27198.0000 921 543 0.5896
27211.5000 921 544 0.5907
27224.0000 921 545 0.5917
27226.9000 921 546 0.5928
27231.0000 922 546 0.5922
27239.3000 922 547 0.5933
27258.0000 923 547 0.5926
27273.3000 923 548 0.5937
27280.0000 923 549 0.5948
27285.0000 924 549 0.5942
27311.0000 925 549 0.5935
27341.0000 926 549 0.5929
27351.7000 926 550 0.5940
27368.0000 927 550 0.5933
27388.0000 927 551 0.5944
27388.6000 927 552 0.5955
27393.0000 928 552 0.5948
27401.8000 928 553 0.5959
27427.0000 929 553 0.5953
27451.5000 929 554 0.5963
27460.0000 930 554 0.5957
27489.0000 931 554 0.5951
27489.2000 931 555 0.5961
27502.2000 931 556 0.5972
27506.5000 931 557 0.5983
27515.8000 931 558 0.5994
27519.0000 932 558 0.5987
27527.4000 932 559 0.5998
27530.5000 932 560 0.6009
27547.4000 932 561 0.6019
27551.0000 933 561 0.6013
27583.0000 934 561 0.6006
27596.9000 934 562 0.6017
27603.8000 934 563 0.6028
27605.6000 934 564 0.6039
27611.0000 935 564 0.6032
27615.7000 935 565 0.6043
27640.0000 936 565 0.6036
27671.0000 937 565 0.6030
27696.0000 938 565 0.6023
27696.2000 938 566 0.6034
27700.7000 938 567 0.6045
27701.0000 938 568 0.6055
27713.6000 938 569 0.6066
27721.0000 939 569 0.6060
27747.0000 940 569 0.6053
27777.0000 941 569 0.6047
27808.0000 942 569 0.6040
27824.5000 942 570 0.6051
27840.0000 943 570 0.6045
27851.6000 943 571 0.6055
27855.9000 943 572 0.6066
27873.0000 944 572 0.6059
27879.8000 944 573 0.6070
27901.0000 945 573 0.6063
27923.9000 945 574 0.6074
27925.6000 945 575 0.6085
27932.0000 946 575 0.6078
27936.8000 946 576 0.6089
27957.0000 947 576 0.6082
27958.2000 947 577 0.6093
27973.6000 947 578 0.6103
27989.0000 948 578 0.6097
28009.5000 948 579 0.6108
28013.8000 948 580 0.6118
28014.8000 948 581 0.6129
28018.0000 949 581 0.6122
28030.5000 949 582 0.6133
28039.0000 949 583 0.6143
28052.0000 950 583 0.6137
28077.0000 951 583 0.6130
28108.6000 951 584 0.6141
28110.0000 952 584 0.6134
28113.3000 952 585 0.6145
28119.9000 952 586 0.6155
28132.3000 952 587 0.6166
28142.0000 953 587 0.6159
28145.0000 953 588 0.6170
28168.3000 953 589 0.6180
28170.0000 954 589 0.6174
28171.1000 954 590 0.6184
28197.0000 955 590 0.6178
28208.9000 955 591 0.6188
28215.0000 955 592 0.6199
28225.0000 956 592 0.6192
28258.0000 957 592 0.6186
28260.9000 957 593 0.6196
28284.0000 958 593 0.6190
28316.0000 959 593 0.6184
28324.3000 959 594 0.6194
28326.0000 959 595 0.6204
28349.0000 960 595 0.6198
28361.5000 960 596 0.6208
28366.8000 960 597 0.6219
28380.0000 961 597 0.6212
28409.0000 962 597 0.6206
28439.0000 963 597 0.6199
28462.9000 963 598 0.6210
28469.8000 963 599 0.6220
28472.0000 964 599 0.6214
28480.1000 964 600 0.6224
28500.0000 965 600 0.6218
28506.0000 965 601 0.6228
28525.0000 966 601 0.6222
28556.0000 967 601 0.6215
28570.0000 967 602 0.6225
28588.0000 968 602 0.6219
28603.7000 968 603 0.6229
28613.1000 968 604 0.6240
28619.0000 969 604 0.6233
28619.3000 969 605 0.6244
28645.0000 970 605 0.6237
28666.6000 970 606 0.6247
28669.2000 970 607 0.6258
28672.0000 971 607 0.6251
28682.5000 971 608 0.6262
28689.9000 971 609 0.6272
28695.3000 971 610 0.6282
28701.0000 972 610 0.6276
28701.4000 972 611 0.6286
28727.0000 973 611 0.6280
28732.1000 973 612 0.6290
28737.4000 973 613 0.6300
28749.3000 973 614 0.6310
28752.7000 973 615 0.6321
28760.0000 974 615 0.6314
28769.6000 974 616 0.6324
28788.0000 975 616 0.6318
28819.0000 976 616 0.6311
28848.0000 977 616 0.6305
28876.0000 978 616 0.6299
28886.3000 978 617 0.6309
28903.2000 978 618 0.6319
28905.0000 979 618 0.6313
28916.6000 979 619 0.6323
28929.0000 979 620 0.6333
28930.0000 980 620 0.6327
28956.6000 980 621 0.6337
28960.0000 981 621 0.6330
28994.0000 982 621 0.6324
28998.7000 982 622 0.6334
28999.8000 982 623 0.6344
29020.0000 983 623 0.6338
29053.0000 984 623 0.6331
29084.0000 985 623 0.6325
29100.8000 985 624 0.6335
29110.6000 985 625 0.6345
29113.3000 985 626 0.6355
29116.0000 986 626 0.6349
29125.2000 986 627 0.6359
29144.0000 987 627 0.6353
29169.5000 987 628 0.6363
29174.0000 988 628 0.6356
29208.0000 989 628 0.6350
29235.0000 990 628 0.6343
29245.4000 990 629 0.6354
29266.0000 991 629 0.6347
29273.7000 991 630 0.6357
29278.1000 991 631 0.6367
29292.0000 992 631 0.6361
29317.0000 993 631 0.6354
29342.0000 994 631 0.6348
29361.2000 994 632 0.6358
29375.0000 995 632 0.6352
29409.0000 996 632 0.6345
29438.2000 996 633 0.6355
29443.0000 997 633 0.6349
29471.8000 997 634 0.6359
29477.0000 998 634 0.6353
29495.5000 998 635 0.6363
29497.8000 998 636 0.6373
29502.0000 999 636 0.6366
29512.8000 999 637 0.6376
29513.3000 999 638 0.6386
29533.0000 1000 638 0.6380
29565.0000 1001 638 0.6374
29595.0000 1002 638 0.6367
29613.6000 1002 639 0.6377
29628.0000 1003 639 0.6371
29656.0000 1004 639 0.6365
29689.0000 1005 639 0.6358
29714.0000 1006 639 0.6352
29739.0000 1007 639 0.6346
29771.0000 1008 639 0.6339
29792.2000 1008 640 0.6349
29805.0000 1009 640 0.6343
29819.5000 1009 641 0.6353
29832.0000 1010 641 0.6347
29852.4000 1010 642 0.6356
29864.0000 1011 642 0.6350
29895.0000 1012 642 0.6344
29924.0000 1013 642 0.6338
29949.0000 1014 642 0.6331
29960.4000 1014 643 0.6341
29980.0000 1015 643 0.6335
29999.1000 1015 644 0.6345
30010.0000 1016 644 0.6339
30037.0000 1017 644 0.6332
30065.0000 1018 644 0.6326
30078.8000 1018 645 0.6336
30080.0000 1018 646 0.6346
30080.9000 1018 647 0.6356
30097.0000 1019 647 0.6349
30117.4000 1019 648 0.6359
30127.0000 1020 648 0.6353
30141.2000 1020 649 0.6363
30156.0000 1021 649 0.6357
30181.0000 1022 649 0.6350
30212.0000 1023 649 0.6344
30221.2000 1023 650 0.6354
30234.2000 1023 651 0.6364
30242.0000 1024 651 0.6357
30268.0000 1025 651 0.6351
30302.0000 1026 651 0.6345
30315.8000 1026 652 0.6355
30330.0000 1027 652 0.6349
30357.3000 1027 653 0.6358
30360.0000 1028 653 0.6352
30370.4000 1028 654 0.6362
30385.0000 1029 654 0.6356
30411.0000 1030 654 0.6350
30439.0000 1031 654 0.6343
30444.2000 1031 655 0.6353
30469.9000 1031 656 0.6363
30471.0000 1032 656 0.6357
30504.0000 1033 656 0.6350
30534.0000 1034 656 0.6344
30555.7000 1034 657 0.6354
30568.0000 1035 657 0.6348
30573.0000 1035 658 0.6357
30581.0000 1035 659 0.6367
30601.0000 1036 659 0.6361
30626.0000 1037 659 0.6355
30657.0000 1038 659 0.6349
30662.1000 1038 660 0.6358
30673.9000 1038 661 0.6368
30687.0000 1039 661 0.6362
30697.8000 1039 662 0.6372
30700.1000 1039 663 0.6381
30711.4000 1039 664 0.6391
30721.0000 1040 664 0.6385
30748.6000 1040 665 0.6394
30753.0000 1041 665 0.6388
30770.2000 1041 666 0.6398
30780.7000 1041 667 0.6407
30786.0000 1042 667 0.6401
30788.7000 1042 668 0.6411
30812.0000 1043 668 0.6405
30839.0000 1044 668 0.6398
30849.7000 1044 669 0.6408
30866.0000 1045 669 0.6402
30890.5000 1045 670 0.6411
30898.0000 1046 670 0.6405
30911.8000 1046 671 0.6415
30921.6000 1046 672 0.6424
30927.0000 1047 672 0.6418
30953.0000 1048 672 0.6412
30978.7000 1048 673 0.6422
30987.0000 1049 673 0.6416
31015.0000 1050 673 0.6410
31017.0000 1050 674 0.6419
31043.0000 1051 674 0.6413
31072.0000 1052 674 0.6407
31085.3000 1052 675 0.6416
31101.0000 1053 675 0.6410
31131.0000 1054 675 0.6404
31144.5000 1054 676 0.6414
31161.0000 1055 676 0.6408
31172.5000 1055 677 0.6417
31187.0000 1056 677 0.6411
31216.0000 1057 677 0.6405
31237.6000 1057 678 0.6414
31245.0000 1058 678 0.6408
31277.0000 1059 678 0.6402
31291.8000 1059 679 0.6412
31307.0000 1060 679 0.6406
31307.6000 1060 680 0.6415
31321.3000 1060 681 0.6425
31326.9000 1060 682 0.6434
31333.0000 1061 682 0.6428
31360.0000 1062 682 0.6422
31377.6000 1062 683 0.6431
31381.0000 1062 684 0.6441
31390.0000 1063 684 0.6435
31398.2000 1063 685 0.6444
31418.0000 1064 685 0.6438
31425.7000 1064 686 0.6447
31451.0000 1065 686 0.6441
31467.1000 1065 687 0.6451
31479.0000 1066 687 0.6445
31494.5000 1066 688 0.6454
31504.0000 1067 688 0.6448
31522.4000 1067 689 0.6457
31531.0000 1068 689 0.6451
31563.0000 1068 690 0.6461
31565.0000 1069 690 0.6455
31591.0000 1070 690 0.6449
31613.5000 1070 691 0.6458
31625.0000 1071 691 0.6452
31633.1000 1071 692 0.6461
31651.0000 1072 692 0.6455
31677.0000 1073 692 0.6449
31707.0000 1074 692 0.6443
31713.0000 1074 693 0.6453
31740.0000 1075 693 0.6447
31762.3000 1075 694 0.6456
31769.0000 1076 694 0.6450
31792.4000 1076 695 0.6459
31795.0000 1077 695 0.6453
31811.5000 1077 696 0.6462
31823.0000 1078 696 0.6456
31856.0000 1079 696 0.6450
31881.0000 1080 696 0.6444
31898.6000 1080 697 0.6454
31911.0000 1081 697 0.6448
31938.0000 1082 697 0.6442
31948.0000 1082 698 0.6451
31964.0000 1083 698 0.6445
31968.2000 1083 699 0.6454
31994.0000 1084 699 0.6448
32020.0000 1085 699 0.6442
32049.0000 1086 699 0.6436
32072.6000 1086 700 0.6446
32079.0000 1087 700 0.6440
32079.4000 1087 701 0.6449
32107.0000 1088 701 0.6443
32111.5000 1088 702 0.6452
32133.0000 1089 702 0.6446
32158.0000 1090 702 0.6440
32164.9000 1090 703 0.6450
32165.2000 1090 704 0.6459
32191.0000 1091 704 0.6453
32201.9000 1091 705 0.6462
32221.0000 1092 705 0.6456
32222.0000 1092 706 0.6465
32229.5000 1092 707 0.6474
32241.1000 1092 708 0.6484
32253.0000 1093 708 0.6478
32285.0000 1094 708 0.6472
32309.3000 1094 709 0.6481
32311.0000 1095 709 0.6475
32338.0000 1096 709 0.6469
32371.0000 1097 709 0.6463
32393.9000 1097 710 0.6472
32399.0000 1098 710 0.6466
32424.0000 1099 710 0.6460
32458.0000 1100 710 0.6455
32471.8000 1100 711 0.6464
32487.0000 1101 711 0.6458
32503.9000 1101 712 0.6467
32510.9000 1101 713 0.6476
32513.0000 1101 714 0.6485
32518.0000 1101 715 0.6494
32521.0000 1102 715 0.6488
32533.6000 1102 716 0.6497
32551.0000 1103 716 0.6491
32576.0000 1104 716 0.6486
32601.0000 1105 716 0.6480
32630.0000 1106 716 0.6474
32660.0000 1107 716 0.6468
32688.0000 1108 716 0.6462
32717.0000 1109 716 0.6456
32747.0000 1110 716 0.6450
32777.0000 1111 716 0.6445
32805.7000 1111 717 0.6454
32811.0000 1112 717 0.6448
32815.1000 1112 718 0.6457
32839.0000 1113 718 0.6451
32861.6000 1113 719 0.6460
32866.0000 1114 719 0.6454
32870.0000 1114 720 0.6463
32896.0000 1114 721 0.6472
32899.0000 1115 721 0.6466
32925.0000 1116 721 0.6461
32935.6000 1116 722 0.6470
32959.0000 1117 722 0.6464
32981.8000 1117 723 0.6473
32991.0000 1118 723 0.6467
33017.0000 1119 723 0.6461
33022.3000 1119 724 0.6470
33028.9000 1119 725 0.6479
33048.0000 1120 725 0.6473
33049.4000 1120 726 0.6482
33056.6000 1120 727 0.6491
33078.0000 1120 728 0.6500
33080.0000 1121 728 0.6494
33105.0000 1122 728 0.6488
33136.0000 1123 728 0.6483
33170.0000 1124 728 0.6477
33198.8000 1124 729 0.6486
33200.0000 1125 729 0.6480
33227.0000 1126 729 0.6474
33230.8000 1126 730 0.6483
33256.8000 1126 731 0.6492
33261.0000 1127 731 0.6486
33281.3000 1127 732 0.6495
33292.0000 1128 732 0.6489
33319.0000 1129 732 0.6484
33329.7000 1129 733 0.6492
33344.0000 1130 733 0.6487
33375.0000 1131 733 0.6481
33399.3000 1131 734 0.6490
33406.0000 1132 734 0.6484
33432.1000 1132 735 0.6493
33434.0000 1133 735 0.6487
33462.0000 1134 735 0.6481
33475.1000 1134 736 0.6490
33492.0000 1135 736 0.6485
33498.5000 1135 737 0.6493
33503.4000 1135 738 0.6502
33526.0000 1136 738 0.6496
33549.7000 1136 739 0.6505
33554.0000 1137 739 0.6500
33586.0000 1138 739 0.6494
33609.3000 1138 740 0.6503
33613.0000 1139 740 0.6497
33645.0000 1140 740 0.6491
33673.0000 1141 740 0.6486
33702.0000 1142 740 0.6480
33727.0000 1143 740 0.6474
33754.0000 1144 740 0.6469
33773.4000 1144 741 0.6477
33780.0000 1145 741 0.6472
33791.0000 1145 742 0.6480
33798.4000 1145 743 0.6489
33805.0000 1146 743 0.6483
33832.0000 1147 743 0.6478
33849.5000 1147 744 0.6486
33862.0000 1148 744 0.6481
33896.0000 1149 744 0.6475
33921.0000 1150 744 0.6470
33935.4000 1150 745 0.6478
33950.0000 1151 745 0.6473
33977.0000 1152 745 0.6467
33993.6000 1152 746 0.6476
34003.0000 1153 746 0.6470
34028.2000 1153 747 0.6479
34031.0000 1154 747 0.6473
34036.8000 1154 748 0.6482
34039.3000 1154 749 0.6490
34046.9000 1154 750 0.6499
34059.1000 1154 751 0.6508
34064.0000 1155 751 0.6502
34075.2000 1155 752 0.6511
34085.2000 1155 753 0.6519
34097.0000 1156 753 0.6514
34126.0000 1157 753 0.6508
34137.5000 1157 754 0.6517
34151.8000 1157 755 0.6525
34157.0000 1158 755 0.6520
34162.9000 1158 756 0.6528
34185.0000 1159 756 0.6523
34185.1000 1159 757 0.6531
34214.0000 1160 757 0.6526
34240.0000 1161 757 0.6520
34266.0000 1162 757 0.6515
34294.0000 1163 757 0.6509
34320.0000 1164 757 0.6503
34337.0000 1164 758 0.6512
34345.0000 1165 758 0.6506
34372.0000 1166 758 0.6501
34399.0000 1167 758 0.6495
34405.7000 1167 759 0.6504
34433.0000 1168 759 0.6498
34446.3000 1168 760 0.6507
34447.4000 1168 761 0.6515
34467.0000 1169 761 0.6510
34471.9000 1169 762 0.6518
34486.0000 1169 763 0.6527
34501.0000 1170 763 0.6521
34507.6000 1170 764 0.6530
34523.3000 1170 765 0.6538
34527.0000 1171 765 0.6533
34529.7000 1171 766 0.6541
34561.0000 1172 766 0.6536
34587.4000 1172 767 0.6544
34593.0000 1173 767 0.6539
34596.0000 1173 768 0.6547
34602.5000 1173 769 0.6556
34615.6000 1173 770 0.6564
34622.5000 1173 771 0.6573
34625.0000 1174 771 0.6567
34639.9000 1174 772 0.6576
34651.0000 1175 772 0.6570
34681.0000 1176 772 0.6565
34707.0000 1177 772 0.6559
34725.2000 1177 773 0.6568
34732.0000 1178 773 0.6562
34749.2000 1178 774 0.6570
34757.0000 1179 774 0.6565
34784.0000 1180 774 0.6559
34813.0000 1181 774 0.6554
34838.0000 1182 774 0.6548
34849.4000 1182 775 0.6557
34866.0000 1183 775 0.6551
34891.0000 1184 775 0.6546
34916.0000 1185 775 0.6540
34943.0000 1186 775 0.6535
34948.1000 1186 776 0.6543
34975.0000 1187 776 0.6537
35001.0000 1188 776 0.6532
35031.0000 1189 776 0.6526
35031.3000 1189 777 0.6535
35051.3000 1189 778 0.6543
35061.0000 1190 778 0.6538
35080.6000 1190 779 0.6546
35086.0000 1191 779 0.6541
35086.8000 1191 780 0.6549
35106.7000 1191 781 0.6558
35112.0000 1192 781 0.6552
35142.0000 1192 782 0.6560
35142.0000 1193 782 0.6555
35163.7000 1193 783 0.6563
35176.0000 1194 783 0.6558
35177.3000 1194 784 0.6566
35180.6000 1194 785 0.6575
35209.0000 1195 785 0.6569
35213.9000 1195 786 0.6577
35214.7000 1195 787 0.6586
35217.5000 1195 788 0.6594
35227.5000 1195 789 0.6603
35237.0000 1196 789 0.6597
35240.7000 1196 790 0.6605
35268.0000 1197 790 0.6600
35288.8000 1197 791 0.6608
35300.0000 1198 791 0.6603
35325.0000 1199 791 0.6597
35359.0000 1200 791 0.6592
35386.9000 1200 792 0.6600
35389.0000 1201 792 0.6595
35401.3000 1201 793 0.6603
35419.0000 1202 793 0.6597
35451.0000 1203 793 0.6592
35473.8000 1203 794 0.6600
35476.7000 1203 795 0.6608
35480.0000 1204 795 0.6603
35491.3000 1204 796 0.6611
35505.5000 1204 797 0.6620
35507.0000 1205 797 0.6614
35523.7000 1205 798 0.6622
35527.7000 1205 799 0.6631
35539.0000 1206 799 0.6625
35566.0000 1207 799 0.6620
35585.0000 1207 800 0.6628
35592.0000 1208 800 0.6623
35625.0000 1209 800 0.6617
35646.1000 1209 801 0.6625
35647.3000 1209 802 0.6634
35658.0000 1210 802 0.6628
35660.0000 1210 803 0.6636
35684.6000 1210 804 0.6645
35687.0000 1211 804 0.6639
35715.0000 1212 804 0.6634
35720.2000 1212 805 0.6642
35749.0000 1213 805 0.6636
35776.0000 1214 805 0.6631
35784.7000 1214 806 0.6639
35809.0000 1215 806 0.6634
35842.0000 1216 806 0.6628
35852.2000 1216 807 0.6637
35855.0000 1216 808 0.6645
35873.0000 1217 808 0.6639
35903.0000 1218 808 0.6634
35920.5000 1218 809 0.6642
35936.0000 1219 809 0.6637
35951.8000 1219 810 0.6645
35962.0000 1220 810 0.6639
35985.4000 1220 811 0.6648
35996.0000 1221 811 0.6642
36027.0000 1222 811 0.6637
36060.0000 1223 811 0.6631
36093.0000 1224 811 0.6626
36093.3000 1224 812 0.6634
36121.0000 1225 812 0.6629
36153.0000 1226 812 0.6623
36182.0000 1227 812 0.6618
36201.2000 1227 813 0.6626
36209.0000 1228 813 0.6621
36234.0000 1229 813 0.6615
36253.7000 1229 814 0.6623
36263.1000 1229 815 0.6631
36265.0000 1230 815 0.6626
36290.0000 1231 815 0.6621
36293.6000 1231 816 0.6629
36319.0000 1232 816 0.6623
36323.5000 1232 817 0.6631
36330.4000 1232 818 0.6640
36346.0000 1233 818 0.6634
36350.0000 1233 819 0.6642
36362.1000 1233 820 0.6650
36377.0000 1234 820 0.6645
36391.9000 1234 821 0.6653
36409.0000 1235 821 0.6648
36412.8000 1235 822 0.6656
36441.0000 1236 822 0.6650
36475.0000 1237 822 0.6645
36505.0000 1238 822 0.6640
36532.0000 1239 822 0.6634
36557.3000 1239 823 0.6642
36560.0000 1240 823 0.6637
36576.1000 1240 824 0.6645
36588.7000 1240 825 0.6653
36594.0000 1241 825 0.6648
36612.6000 1241 826 0.6656
36619.4000 1241 827 0.6664
36626.0000 1242 827 0.6659
36658.0000 1243 827 0.6653
36692.0000 1244 827 0.6648
36720.0000 1245 827 0.6643
36739.2000 1245 828 0.6651
36742.9000 1245 829 0.6659
36748.0000 1246 829 0.6653
36756.7000 1246 830 0.6661
36782.0000 1247 830 0.6656
36812.0000 1248 830 0.6651
36829.6000 1248 831 0.6659
36843.0000 1249 831 0.6653
36874.0000 1250 831 0.6648
36878.0000 1250 832 0.6656
36881.7000 1250 833 0.6664
36888.0000 1250 834 0.6672
36900.0000 1251 834 0.6667
36904.2000 1251 835 0.6675
36932.0000 1252 835 0.6669
36964.0000 1253 835 0.6664
36978.5000 1253 836 0.6672
36998.0000 1254 836 0.6667
37006.7000 1254 837 0.6675
37025.0000 1255 837 0.6669
37040.3000 1255 838 0.6677
37042.7000 1255 839 0.6685
37058.0000 1256 839 0.6680
37091.0000 1257 839 0.6675
37107.3000 1257 840 0.6683
37116.0000 1258 840 0.6677
37131.0000 1258 841 0.6685
37143.5000 1258 842 0.6693
37147.0000 1259 842 0.6688
37148.6000 1259 843 0.6696
37151.4000 1259 844 0.6704
37178.0000 1260 844 0.6698
37187.1000 1260 845 0.6706
37196.9000 1260 846 0.6714
37206.2000 1260 847 0.6722
37210.0000 1261 847 0.6717
37235.0000 1262 847 0.6712
37235.1000 1262 848 0.6719
37235.9000 1262 849 0.6727
37266.0000 1263 849 0.6722
37300.0000 1264 849 0.6717
37332.0000 1265 849 0.6711
37357.0000 1266 849 0.6706
37379.1000 1266 850 0.6714
37388.0000 1267 850 0.6709
37405.6000 1267 851 0.6717
37415.0000 1268 851 0.6711
37419.3000 1268 852 0.6719
37445.0000 1269 852 0.6714
37472.0000 1270 852 0.6709
37485.2000 1270 853 0.6717
37487.9000 1270 854 0.6724
37505.0000 1271 854 0.6719
37506.1000 1271 855 0.6727
37534.0000 1272 855 0.6722
37564.0000 1273 855 0.6716
37569.1000 1273 856 0.6724
37590.4000 1273 857 0.6732
37596.0000 1274 857 0.6727
37624.0000 1275 857 0.6722
37629.8000 1275 858 0.6729
37639.2000 1275 859 0.6737
37656.0000 1276 859 0.6732
37665.0000 1276 860 0.6740
37684.0000 1277 860 0.6735
37709.0000 1278 860 0.6729
37739.0000 1279 860 0.6724
37765.0000 1280 860 0.6719
37786.6000 1280 861 0.6727
37798.0000 1281 861 0.6721
37803.3000 1281 862 0.6729
37811.2000 1281 863 0.6737
37829.0000 1282 863 0.6732
37835.1000 1282 864 0.6739
37844.7000 1282 865 0.6747
37856.0000 1283 865 0.6742
37881.0000 1284 865 0.6737
37910.0000 1285 865 0.6732
37928.5000 1285 866 0.6739
37933.9000 1285 867 0.6747
37944.0000 1286 867 0.6742
37954.2000 1286 868 0.6750
37969.0000 1287 868 0.6744
37976.1000 1287 869 0.6752
37982.5000 1287 870 0.6760
37998.0000 1288 870 0.6755
38019.2000 1288 871 0.6762
38023.9000 1288 872 0.6770
38024.0000 1289 872 0.6765
38025.5000 1289 873 0.6773
38046.6000 1289 874 0.6780
38058.0000 1290 874 0.6775
38070.4000 1290 875 0.6783
38079.9000 1290 876 0.6791
38088.0000 1291 876 0.6785
38100.0000 1291 877 0.6793
38115.0000 1292 877 0.6788
38141.0000 1293 877 0.6783
38147.2000 1293 878 0.6790
38169.0000 1294 878 0.6785
38179.1000 1294 879 0.6793
38184.8000 1294 880 0.6801
38198.6000 1294 881 0.6808
38200.0000 1295 881 0.6803
38206.5000 1295 882 0.6811
38208.6000 1295 883 0.6819
38226.0000 1296 883 0.6813
38258.0000 1297 883 0.6808
38260.5000 1297 884 0.6816
38272.1000 1297 885 0.6823
38283.0000 1298 885 0.6818
38314.0000 1299 885 0.6813
38341.0000 1300 885 0.6808
38352.8000 1300 886 0.6815
38369.9000 1300 887 0.6823
38371.0000 1301 887 0.6818
38403.0000 1302 887 0.6813
38414.6000 1302 888 0.6820
38433.0000 1303 888 0.6815
38466.0000 1304 888 0.6810
38498.0000 1305 888 0.6805
38523.0000 1306 888 0.6799
38551.0000 1307 888 0.6794
38580.0000 1308 888 0.6789
38609.1000 1308 889 0.6797
38612.0000 1309 889 0.6791
38632.4000 1309 890 0.6799
38637.0000 1310 890 0.6794
38648.7000 1310 891 0.6802
38649.8000 1310 892 0.6809
38663.0000 1311 892 0.6804
38697.0000 1312 892 0.6799
38723.0000 1313 892 0.6794
38729.3000 1313 893 0.6801
38730.4000 1313 894 0.6809
38748.5000 1313 895 0.6816
38749.0000 1314 895 0.6811
38760.6000 1314 896 0.6819
38778.0000 1315 896 0.6814
38789.3000 1315 897 0.6821
38799.6000 1315 898 0.6829
38808.0000 1316 898 0.6824
38840.0000 1317 898 0.6819
38863.9000 1317 899 0.6826
38866.0000 1318 899 0.6821
38892.0000 1319 899 0.6816
38923.0000 1320 899 0.6811
38956.0000 1321 899 0.6805
38964.4000 1321 900 0.6813
38982.0000 1322 900 0.6808
39007.0000 1323 900 0.6803
39014.8000 1323 901 0.6810
39027.2000 1323 902 0.6818
39032.0000 1324 902 0.6813
39046.4000 1324 903 0.6820
39064.0000 1325 903 0.6815
39095.0000 1326 903 0.6810
39104.1000 1326 904 0.6817
39127.0000 1327 904 0.6812
39147.8000 1327 905 0.6820
39161.0000 1328 905 0.6815
39180.1000 1328 906 0.6822
39180.9000 1328 907 0.6830
39189.0000 1329 907 0.6825
39214.0000 1330 907 0.6820
39240.0000 1331 907 0.6814
39268.0000 1332 907 0.6809
39298.0000 1333 907 0.6804
39307.7000 1333 908 0.6812
39329.3000 1333 909 0.6819
39330.4000 1333 910 0.6827
39332.0000 1334 910 0.6822
39349.0000 1334 911 0.6829
39362.0000 1335 911 0.6824
39387.0000 1336 911 0.6819
39394.4000 1336 912 0.6826
39412.0000 1337 912 0.6821
39432.7000 1337 913 0.6829
39440.0000 1338 913 0.6824
39474.0000 1339 913 0.6819
39477.8000 1339 914 0.6826
39482.3000 1339 915 0.6833
39500.0000 1340 915 0.6828
39513.5000 1340 916 0.6836
39530.5000 1340 917 0.6843
39534.0000 1341 917 0.6838
39564.0000 1342 917 0.6833
39595.0000 1343 917 0.6828
39598.2000 1343 918 0.6835
39623.0000 1344 918 0.6830
39624.6000 1344 919 0.6838
39657.0000 1345 919 0.6833
39675.3000 1345 920 0.6840
39691.0000 1346 920 0.6835
39700.2000 1346 921 0.6842
39723.0000 1347 921 0.6837
39752.6000 1347 922 0.6845
39755.0000 1348 922 0.6840
39787.0000 1349 922 0.6835
39818.0000 1350 922 0.6830
39845.0000 1351 922 0.6825
39847.6000 1351 923 0.6832
39852.2000 1351 924 0.6839
39863.1000 1351 925 0.6847
39864.1000 1351 926 0.6854
39873.0000 1352 926 0.6849
39892.7000 1352 927 0.6857
39906.2000 1352 928 0.6864
39907.0000 1353 928 0.6859
39912.9000 1353 929 0.6866
39923.5000 1353 930 0.6874
39924.7000 1353 931 0.6881
39935.0000 1354 931 0.6876
39951.4000 1354 932 0.6883
39964.0000 1355 932 0.6878
39980.8000 1355 933 0.6886
39991.0000 1356 933 0.6881
40017.0000 1357 933 0.6875
40037.1000 1357 934 0.6883
40050.0000 1358 934 0.6878
40076.0000 1359 934 0.6873
40107.0000 1360 934 0.6868
40141.0000 1361 934 0.6863
40167.0000 1362 934 0.6858
40194.7000 1362 935 0.6865
40196.0000 1363 935 0.6860
40213.5000 1363 936 0.6867
40223.0000 1364 936 0.6862
40248.0000 1365 936 0.6857
40279.1000 1365 937 0.6864
40280.0000 1366 937 0.6859
40313.0000 1367 937 0.6854
40334.6000 1367 938 0.6862
40340.0000 1368 938 0.6857
40347.8000 1368 939 0.6864
40365.3000 1368 940 0.6871
40371.0000 1369 940 0.6866
40381.9000 1369 941 0.6874
40398.7000 1369 942 0.6881
40404.0000 1370 942 0.6876
40413.0000 1370 943 0.6883
40417.1000 1370 944 0.6891
40419.1000 1370 945 0.6898
40433.0000 1371 945 0.6893
40465.0000 1372 945 0.6888
40478.6000 1372 946 0.6895
40480.5000 1372 947 0.6902
40490.0000 1373 947 0.6897
40521.0000 1374 947 0.6892
40553.0000 1375 947 0.6887
40580.0000 1376 947 0.6882
40607.1000 1376 948 0.6890
40610.0000 1377 948 0.6885
40638.0000 1378 948 0.6880
40666.0000 1379 948 0.6875
40680.3000 1379 949 0.6882
40699.0000 1380 949 0.6877
40700.5000 1380 950 0.6884
40723.9000 1380 951 0.6891
40728.0000 1381 951 0.6886
40732.1000 1381 952 0.6894
40746.9000 1381 953 0.6901
40752.7000 1381 954 0.6908
40753.0000 1382 954 0.6903
40759.1000 1382 955 0.6910
40759.3000 1382 956 0.6918
40762.9000 1382 957 0.6925
40784.0000 1383 957 0.6920
40791.8000 1383 958 0.6927
40799.6000 1383 959 0.6934
40812.0000 1384 959 0.6929
40838.0000 1385 959 0.6924
40871.0000 1386 959 0.6919
40875.0000 1386 960 0.6926
40894.8000 1386 961 0.6934
40898.0000 1387 961 0.6929
40926.0000 1388 961 0.6924
40955.0000 1389 961 0.6919
40986.0000 1390 961 0.6914
41015.0000 1391 961 0.6909
41047.0000 1392 961 0.6904
41068.7000 1392 962 0.6911
41075.0000 1393 962 0.6906
41079.6000 1393 963 0.6913
41094.0000 1393 964 0.6920
41106.0000 1394 964 0.6915
41114.5000 1394 965 0.6923
41138.0000 1395 965 0.6918
41169.0000 1396 965 0.6913
41198.0000 1397 965 0.6908
41227.0000 1398 965 0.6903
41255.0000 1399 965 0.6898
41261.2000 1399 966 0.6905
41276.6000 1399 967 0.6912
41281.0000 1400 967 0.6907
41297.9000 1400 968 0.6914
41303.5000 1400 969 0.6921
41307.2000 1400 970 0.6929
41313.0000 1401 970 0.6924
41336.5000 1401 971 0.6931
41346.0000 1402 971 0.6926
41377.0000 1403 971 0.6921
41411.0000 1404 971 0.6916
41442.0000 1405 971 0.6911
41463.2000 1405 972 0.6918
41474.0000 1406 972 0.6913
41483.7000 1406 973 0.6920
41499.9000 1406 974 0.6927
41503.0000 1406 975 0.6935
41506.0000 1406 976 0.6942
41508.0000 1407 976 0.6937
41539.0000 1408 976 0.6932
41558.5000 1408 977 0.6939
41573.0000 1409 977 0.6934
41573.7000 1409 978 0.6941
41576.0000 1409 979 0.6948
41598.0000 1410 979 0.6943
41626.0000 1411 979 0.6938
41655.0000 1412 979 0.6933
41680.0000 1413 979 0.6929
41711.0000 1414 979 0.6924
41730.7000 1414 980 0.6931
41745.0000 1415 980 0.6926
41771.0000 1416 980 0.6921
41800.0000 1417 980 0.6916
41814.9000 1417 981 0.6923
41826.0000 1418 981 0.6918
41845.8000 1418 982 0.6925
41857.0000 1419 982 0.6920
41869.8000 1419 983 0.6927
41885.0000 1420 983 0.6923
41891.6000 1420 984 0.6930
41899.3000 1420 985 0.6937
41908.8000 1420 986 0.6944
41919.0000 1421 986 0.6939
41927.9000 1421 987 0.6946
41929.3000 1421 988 0.6953
41945.0000 1422 988 0.6948
41975.0000 1423 988 0.6943
41980.8000 1423 989 0.6950
42005.0000 1424 989 0.6945
42036.0000 1425 989 0.6940
42040.8000 1425 990 0.6947
42049.2000 1425 991 0.6954
42061.0000 1426 991 0.6950
42092.0000 1427 991 0.6945
42104.1000 1427 992 0.6952
42119.0000 1428 992 0.6947
42150.0000 1429 992 0.6942
42162.2000 1429 993 0.6949
42178.0000 1430 993 0.6944
42197.7000 1430 994 0.6951
42212.0000 1431 994 0.6946
42230.6000 1431 995 0.6953
42245.0000 1432 995 0.6948
42272.0000 1433 995 0.6943
42298.0000 1434 995 0.6939
42329.0000 1435 995 0.6934
42353.4000 1435 996 0.6941
42357.0000 1436 996 0.6936
42365.0000 1436 997 0.6943
42389.0000 1437 997 0.6938
42410.9000 1437 998 0.6945
42415.0000 1438 998 0.6940
42445.0000 1439 998 0.6935
42474.0000 1440 998 0.6931
42502.2000 1440 999 0.6938
42507.0000 1441 999 0.6933
42515.5000 1441 1000 0.6940
42518.4000 1441 1001 0.6947
42535.0000 1442 1001 0.6942
42566.0000 1443 1001 0.6937
42587.1000 1443 1002 0.6944
42593.0000 1444 1002 0.6939
42614.4000 1444 1003 0.6946
42618.0000 1445 1003 0.6941
42626.4000 1445 1004 0.6948
42643.0000 1446 1004 0.6943
42659.6000 1446 1005 0.6950
42668.0000 1447 1005 0.6945
42697.0000 1448 1005 0.6941
42707.1000 1448 1006 0.6948
42722.0000 1449 1006 0.6943
42756.0000 1450 1006 0.6938
42783.0000 1451 1006 0.6933
42817.0000 1452 1006 0.6928
42842.4000 1452 1007 0.6935
42843.0000 1453 1007 0.6930
42872.0000 1454 1007 0.6926
42897.0000 1455 1007 0.6921
42900.4000 1455 1008 0.6928
42927.0000 1456 1008 0.6923
42952.9000 1456 1009 0.6930
42961.0000 1457 1009 0.6925
42962.1000 1457 1010 0.6932
42991.0000 1458 1010 0.6927
43008.3000 1458 1011 0.6934
43024.0000 1459 1011 0.6929
43024.9000 1459 1012 0.6936
43038.7000 1459 1013 0.6943
43053.0000 1460 1013 0.6938
43080.9000 1460 1014 0.6945
43084.7000 1460 1015 0.6952
43086.0000 1461 1015 0.6947
43113.0000 1461 1016 0.6954
43114.0000 1462 1016 0.6949
43115.5000 1462 1017 0.6956
43148.0000 1463 1017 0.6951
43156.6000 1463 1018 0.6958
43163.4000 1463 1019 0.6965
43177.0000 1464 1019 0.6960
