# messageDelay  cumulativeProbability
27.4000 0.0007
30.6000 0.0014
36.6000 0.0021
64.3000 0.0027
64.9000 0.0034
101.9000 0.0041
105.3000 0.0048
108.7000 0.0055
143.6000 0.0062
161.7000 0.0068
197.7000 0.0075
197.9000 0.0082
237.4000 0.0089
319.1000 0.0096
319.6000 0.0103
320.3000 0.0109
345.4000 0.0116
395.3000 0.0123
395.4000 0.0130
406.9000 0.0137
432.9000 0.0144
450.7000 0.0150
471.8000 0.0157
483.5000 0.0164
502.6000 0.0171
524.8000 0.0178
528.3000 0.0185
535.6000 0.0191
539.9000 0.0198
570.1000 0.0205
602.3000 0.0212
628.6000 0.0219
688.4000 0.0226
714.4000 0.0232
775.1000 0.0239
779.0000 0.0246
840.4000 0.0253
849.6000 0.0260
893.0000 0.0267
918.4000 0.0273
924.2000 0.0280
968.6000 0.0287
976.2000 0.0294
992.2000 0.0301
1005.2000 0.0308
1045.2000 0.0314
1066.9000 0.0321
1071.4000 0.0328
1079.7000 0.0335
1081.0000 0.0342
1086.8000 0.0349
1137.9000 0.0355
1179.0000 0.0362
1212.4000 0.0369
1240.6000 0.0376
1246.4000 0.0383
1253.9000 0.0390
1257.4000 0.0396
1281.3000 0.0403
1292.0000 0.0410
1323.0000 0.0417
1364.2000 0.0424
1376.2000 0.0431
1395.1000 0.0437
1411.3000 0.0444
1420.1000 0.0451
1432.7000 0.0458
1463.1000 0.0465
1467.2000 0.0472
1482.7000 0.0478
1518.0000 0.0485
1522.6000 0.0492
1527.3000 0.0499
1558.8000 0.0506
1565.0000 0.0513
1567.9000 0.0519
1611.8000 0.0526
1631.2000 0.0533
1654.6000 0.0540
1668.5000 0.0547
1691.3000 0.0554
1695.6000 0.0560
1699.5000 0.0567
1708.2000 0.0574
1721.6000 0.0581
1728.0000 0.0588
1747.1000 0.0595
1800.6000 0.0602
1831.0000 0.0608
1840.9000 0.0615
1848.8000 0.0622
1868.0000 0.0629
1893.0000 0.0636
1900.0000 0.0643
1904.2000 0.0649
2029.8000 0.0656
2038.9000 0.0663
2046.0000 0.0670
2108.0000 0.0677
2108.5000 0.0684
2145.2000 0.0690
2148.3000 0.0697
2170.2000 0.0704
2171.2000 0.0711
2177.9000 0.0718
2191.1000 0.0725
2246.8000 0.0731
2293.9000 0.0738
2306.0000 0.0745
2334.9000 0.0752
2377.3000 0.0759
2391.0000 0.0766
2439.6000 0.0772
2461.0000 0.0779
2461.3000 0.0786
2461.9000 0.0793
2489.7000 0.0800
2503.8000 0.0807
2529.2000 0.0813
2541.3000 0.0820
2574.5000 0.0827
2579.8000 0.0834
2586.3000 0.0841
2599.3000 0.0848
2605.0000 0.0854
2622.1000 0.0861
2647.9000 0.0868
2647.9000 0.0875
2650.2000 0.0882
2671.0000 0.0889
2674.3000 0.0895
2682.6000 0.0902
2691.5000 0.0909
2700.2000 0.0916
2724.5000 0.0923
2727.9000 0.0930
2753.2000 0.0936
2756.9000 0.0943
2768.7000 0.0950
2771.8000 0.0957
2785.7000 0.0964
2785.9000 0.0971
2805.6000 0.0977
2846.6000 0.0984
2873.4000 0.0991
2875.1000 0.0998
2880.8000 0.1005
2918.0000 0.1012
2949.4000 0.1018
2955.7000 0.1025
2959.1000 0.1032
2961.3000 0.1039
2973.3000 0.1046
2977.4000 0.1053
3020.1000 0.1059
3056.0000 0.1066
3077.8000 0.1073
3096.5000 0.1080
3115.8000 0.1087
3120.6000 0.1094
3135.7000 0.1100
3152.2000 0.1107
3172.2000 0.1114
3186.8000 0.1121
3195.8000 0.1128
3199.2000 0.1135
3211.4000 0.1141
3217.2000 0.1148
3222.6000 0.1155
3236.7000 0.1162
3244.1000 0.1169
3244.4000 0.1176
3261.8000 0.1183
3281.0000 0.1189
3292.8000 0.1196
3293.6000 0.1203
3310.5000 0.1210
3313.8000 0.1217
3314.5000 0.1224
3317.1000 0.1230
3325.5000 0.1237
3333.0000 0.1244
3341.3000 0.1251
3347.2000 0.1258
3347.8000 0.1265
3365.1000 0.1271
3395.2000 0.1278
3398.1000 0.1285
3412.5000 0.1292
3416.1000 0.1299
3430.7000 0.1306
3448.8000 0.1312
3452.8000 0.1319
3454.8000 0.1326
3462.4000 0.1333
3477.7000 0.1340
3478.8000 0.1347
3484.0000 0.1353
3544.0000 0.1360
3555.3000 0.1367
3588.3000 0.1374
3591.9000 0.1381
3625.6000 0.1388
3636.5000 0.1394
3639.2000 0.1401
3650.6000 0.1408
3660.9000 0.1415
3692.5000 0.1422
3693.9000 0.1429
3714.5000 0.1435
3716.1000 0.1442
3718.9000 0.1449
3720.0000 0.1456
3739.7000 0.1463
3768.4000 0.1470
3781.4000 0.1476
3784.2000 0.1483
3787.0000 0.1490
3787.7000 0.1497
3815.1000 0.1504
3815.7000 0.1511
3816.4000 0.1517
3839.4000 0.1524
3843.1000 0.1531
3880.9000 0.1538
3928.1000 0.1545
3939.7000 0.1552
3941.5000 0.1558
3960.6000 0.1565
3980.8000 0.1572
4003.1000 0.1579
4006.6000 0.1586
4032.8000 0.1593
4040.0000 0.1599
4045.8000 0.1606
4060.6000 0.1613
4100.9000 0.1620
4111.9000 0.1627
4113.4000 0.1634
4125.3000 0.1640
4139.5000 0.1647
4157.0000 0.1654
4165.2000 0.1661
4211.8000 0.1668
4232.0000 0.1675
4238.6000 0.1681
4242.7000 0.1688
4243.4000 0.1695
4261.3000 0.1702
4270.0000 0.1709
4289.5000 0.1716
4300.3000 0.1722
4334.4000 0.1729
4348.9000 0.1736
4360.0000 0.1743
4362.3000 0.1750
4366.9000 0.1757
4379.5000 0.1763
4398.3000 0.1770
4399.9000 0.1777
4402.7000 0.1784
4409.4000 0.1791
4409.6000 0.1798
4414.4000 0.1805
4448.5000 0.1811
4449.3000 0.1818
4454.9000 0.1825
4473.4000 0.1832
4480.7000 0.1839
4505.1000 0.1846
4514.3000 0.1852
4518.6000 0.1859
4530.7000 0.1866
4541.1000 0.1873
4544.9000 0.1880
4578.4000 0.1887
4578.7000 0.1893
4596.7000 0.1900
4608.1000 0.1907
4610.7000 0.1914
4630.6000 0.1921
4634.6000 0.1928
4654.0000 0.1934
4740.8000 0.1941
4745.7000 0.1948
4757.7000 0.1955
4803.5000 0.1962
4841.9000 0.1969
4858.6000 0.1975
4893.2000 0.1982
4913.0000 0.1989
4914.1000 0.1996
4924.4000 0.2003
4927.0000 0.2010
4936.5000 0.2016
4958.1000 0.2023
4969.7000 0.2030
4973.7000 0.2037
4979.6000 0.2044
4984.7000 0.2051
4993.3000 0.2057
5020.4000 0.2064
5063.7000 0.2071
5070.8000 0.2078
5082.5000 0.2085
5086.5000 0.2092
5104.0000 0.2098
5113.7000 0.2105
5121.9000 0.2112
5141.6000 0.2119
5146.7000 0.2126
5161.4000 0.2133
5162.3000 0.2139
5173.6000 0.2146
5183.8000 0.2153
5188.2000 0.2160
5191.5000 0.2167
5203.7000 0.2174
5204.4000 0.2180
5207.4000 0.2187
5209.8000 0.2194
5245.8000 0.2201
5324.5000 0.2208
5371.6000 0.2215
5385.2000 0.2221
5393.8000 0.2228
5401.4000 0.2235
5410.4000 0.2242
5417.9000 0.2249
5421.9000 0.2256
5437.6000 0.2262
5446.7000 0.2269
5451.0000 0.2276
5452.3000 0.2283
5460.9000 0.2290
5472.3000 0.2297
5473.5000 0.2303
5486.9000 0.2310
5510.7000 0.2317
5515.4000 0.2324
5530.8000 0.2331
5538.4000 0.2338
5554.6000 0.2344
5565.1000 0.2351
5576.0000 0.2358
5597.7000 0.2365
5606.2000 0.2372
5630.4000 0.2379
5646.6000 0.2386
5655.9000 0.2392
5666.0000 0.2399
5668.0000 0.2406
5668.0000 0.2413
5679.1000 0.2420
5697.1000 0.2427
5706.8000 0.2433
5708.5000 0.2440
5723.3000 0.2447
5726.4000 0.2454
5732.2000 0.2461
5763.2000 0.2468
5766.8000 0.2474
5771.9000 0.2481
5774.8000 0.2488
5775.8000 0.2495
5791.6000 0.2502
5803.6000 0.2509
5823.0000 0.2515
5823.3000 0.2522
5843.1000 0.2529
5843.9000 0.2536
5848.9000 0.2543
5862.1000 0.2550
5868.7000 0.2556
5882.2000 0.2563
5883.7000 0.2570
5888.7000 0.2577
5896.3000 0.2584
5922.6000 0.2591
5927.4000 0.2597
5932.8000 0.2604
5935.4000 0.2611
5937.2000 0.2618
5945.7000 0.2625
5962.8000 0.2632
5975.0000 0.2638
6004.8000 0.2645
6020.2000 0.2652
6024.4000 0.2659
6029.3000 0.2666
6035.0000 0.2673
6055.4000 0.2679
6062.5000 0.2686
6064.6000 0.2693
6065.9000 0.2700
6090.1000 0.2707
6113.7000 0.2714
6135.9000 0.2720
6154.9000 0.2727
6163.7000 0.2734
6168.5000 0.2741
6191.1000 0.2748
6198.6000 0.2755
6206.2000 0.2761
6216.4000 0.2768
6217.5000 0.2775
6243.9000 0.2782
6244.6000 0.2789
6253.9000 0.2796
6256.0000 0.2802
6265.1000 0.2809
6268.3000 0.2816
6269.3000 0.2823
6277.7000 0.2830
6278.3000 0.2837
6282.2000 0.2843
6288.4000 0.2850
6290.8000 0.2857
6307.0000 0.2864
6311.1000 0.2871
6331.2000 0.2878
6334.9000 0.2884
6335.3000 0.2891
6374.3000 0.2898
6381.1000 0.2905
6397.6000 0.2912
6478.6000 0.2919
6479.1000 0.2925
6502.2000 0.2932
6502.6000 0.2939
6504.0000 0.2946
6504.0000 0.2953
6508.6000 0.2960
6521.3000 0.2967
6539.1000 0.2973
6568.1000 0.2980
6655.7000 0.2987
6659.0000 0.2994
6685.1000 0.3001
6690.4000 0.3008
6697.2000 0.3014
6698.5000 0.3021
6702.7000 0.3028
6734.1000 0.3035
6736.1000 0.3042
6770.5000 0.3049
6823.4000 0.3055
6840.4000 0.3062
6845.4000 0.3069
6847.5000 0.3076
6853.0000 0.3083
6853.1000 0.3090
6854.9000 0.3096
6865.7000 0.3103
6878.7000 0.3110
6882.0000 0.3117
6895.5000 0.3124
6905.8000 0.3131
6918.4000 0.3137
6933.5000 0.3144
6960.6000 0.3151
6972.0000 0.3158
6983.0000 0.3165
6986.5000 0.3172
7007.1000 0.3178
7008.8000 0.3185
7010.3000 0.3192
7027.3000 0.3199
7029.7000 0.3206
7051.0000 0.3213
7081.3000 0.3219
7092.9000 0.3226
7100.1000 0.3233
7117.2000 0.3240
7117.6000 0.3247
7119.9000 0.3254
7123.2000 0.3260
7164.9000 0.3267
7170.3000 0.3274
7173.1000 0.3281
7191.6000 0.3288
7195.0000 0.3295
7199.6000 0.3301
7202.1000 0.3308
7220.2000 0.3315
7229.3000 0.3322
7236.7000 0.3329
7252.0000 0.3336
7256.4000 0.3342
7267.7000 0.3349
7274.9000 0.3356
7280.9000 0.3363
7310.4000 0.3370
7318.4000 0.3377
7337.2000 0.3383
7341.5000 0.3390
7362.3000 0.3397
7378.6000 0.3404
7379.0000 0.3411
7379.2000 0.3418
7423.4000 0.3424
7428.6000 0.3431
7433.5000 0.3438
7434.5000 0.3445
7459.9000 0.3452
7468.9000 0.3459
7477.8000 0.3465
7499.3000 0.3472
7511.8000 0.3479
7513.0000 0.3486
7538.2000 0.3493
7548.4000 0.3500
7580.5000 0.3506
7585.8000 0.3513
7595.8000 0.3520
7615.4000 0.3527
7616.9000 0.3534
7623.1000 0.3541
7640.5000 0.3548
7646.5000 0.3554
7659.8000 0.3561
7699.1000 0.3568
7708.1000 0.3575
7719.3000 0.3582
7726.7000 0.3589
7736.4000 0.3595
7748.8000 0.3602
7769.4000 0.3609
7773.2000 0.3616
7774.9000 0.3623
7784.1000 0.3630
7796.0000 0.3636
7798.4000 0.3643
7817.3000 0.3650
7822.3000 0.3657
7829.8000 0.3664
7840.9000 0.3671
7851.4000 0.3677
7870.2000 0.3684
7894.8000 0.3691
7898.3000 0.3698
7903.2000 0.3705
7919.9000 0.3712
7924.2000 0.3718
7926.2000 0.3725
7946.0000 0.3732
7959.6000 0.3739
8005.1000 0.3746
8008.5000 0.3753
8022.0000 0.3759
8023.0000 0.3766
8035.9000 0.3773
8041.2000 0.3780
8048.7000 0.3787
8053.2000 0.3794
8056.8000 0.3800
8068.3000 0.3807
8072.7000 0.3814
8104.2000 0.3821
8125.1000 0.3828
8133.6000 0.3835
8182.6000 0.3841
8185.0000 0.3848
8195.0000 0.3855
8197.5000 0.3862
8211.5000 0.3869
8211.5000 0.3876
8242.9000 0.3882
8264.4000 0.3889
8274.9000 0.3896
8280.8000 0.3903
8281.2000 0.3910
8318.6000 0.3917
8323.4000 0.3923
8340.0000 0.3930
8354.9000 0.3937
8382.3000 0.3944
8419.3000 0.3951
8438.4000 0.3958
8450.5000 0.3964
8454.9000 0.3971
8459.0000 0.3978
8459.3000 0.3985
8531.5000 0.3992
8536.0000 0.3999
8539.1000 0.4005
8545.0000 0.4012
8561.6000 0.4019
8571.6000 0.4026
8578.9000 0.4033
8603.7000 0.4040
8630.9000 0.4046
8648.5000 0.4053
8655.5000 0.4060
8693.5000 0.4067
8722.2000 0.4074
8725.9000 0.4081
8742.2000 0.4087
8752.9000 0.4094
8784.6000 0.4101
8822.2000 0.4108
8844.1000 0.4115
8844.7000 0.4122
8853.9000 0.4129
8869.3000 0.4135
8889.9000 0.4142
8898.9000 0.4149
8905.4000 0.4156
8911.5000 0.4163
8921.7000 0.4170
8957.2000 0.4176
8976.4000 0.4183
8978.8000 0.4190
9002.2000 0.4197
9032.2000 0.4204
9043.1000 0.4211
9067.2000 0.4217
9068.4000 0.4224
9076.0000 0.4231
9097.3000 0.4238
9131.7000 0.4245
9137.4000 0.4252
9139.7000 0.4258
9140.4000 0.4265
9143.3000 0.4272
9201.3000 0.4279
9216.8000 0.4286
9219.3000 0.4293
9234.7000 0.4299
9266.8000 0.4306
9277.0000 0.4313
9292.7000 0.4320
9300.1000 0.4327
9301.8000 0.4334
9304.3000 0.4340
9372.4000 0.4347
9383.1000 0.4354
9432.7000 0.4361
9437.2000 0.4368
9450.8000 0.4375
9460.1000 0.4381
9508.4000 0.4388
9512.5000 0.4395
9549.8000 0.4402
9574.0000 0.4409
9578.9000 0.4416
9589.1000 0.4422
9626.4000 0.4429
9630.6000 0.4436
9641.2000 0.4443
9643.6000 0.4450
9646.1000 0.4457
9651.9000 0.4463
9694.2000 0.4470
9711.8000 0.4477
9748.0000 0.4484
9787.1000 0.4491
9814.1000 0.4498
9826.1000 0.4504
9849.6000 0.4511
9875.6000 0.4518
9878.1000 0.4525
9881.1000 0.4532
9890.5000 0.4539
9923.1000 0.4545
9925.2000 0.4552
9935.0000 0.4559
9937.3000 0.4566
9952.8000 0.4573
9955.0000 0.4580
9973.2000 0.4586
9991.9000 0.4593
10010.0000 0.4600
10040.3000 0.4607
10066.3000 0.4614
10094.2000 0.4621
10120.4000 0.4627
10121.5000 0.4634
10127.7000 0.4641
10145.6000 0.4648
10172.3000 0.4655
10173.9000 0.4662
10196.3000 0.4668
10223.4000 0.4675
10231.4000 0.4682
10237.8000 0.4689
10265.9000 0.4696
10275.7000 0.4703
10283.2000 0.4710
10297.6000 0.4716
10298.9000 0.4723
10303.4000 0.4730
10310.5000 0.4737
10312.6000 0.4744
10315.7000 0.4751
10333.2000 0.4757
10356.3000 0.4764
10427.2000 0.4771
10431.9000 0.4778
10468.6000 0.4785
10489.5000 0.4792
10501.5000 0.4798
10525.3000 0.4805
10559.5000 0.4812
10574.7000 0.4819
10592.0000 0.4826
10625.6000 0.4833
10633.9000 0.4839
10648.4000 0.4846
10652.1000 0.4853
10654.2000 0.4860
10656.1000 0.4867
10673.8000 0.4874
10680.9000 0.4880
10717.1000 0.4887
10801.3000 0.4894
10814.3000 0.4901
10848.7000 0.4908
10858.3000 0.4915
10881.3000 0.4921
10884.3000 0.4928
10885.5000 0.4935
10907.4000 0.4942
10919.1000 0.4949
10930.9000 0.4956
10986.2000 0.4962
10999.1000 0.4969
11021.5000 0.4976
11027.6000 0.4983
11038.1000 0.4990
11079.9000 0.4997
11093.8000 0.5003
11114.9000 0.5010
11119.4000 0.5017
11137.5000 0.5024
11146.8000 0.5031
11173.5000 0.5038
11212.3000 0.5044
11222.8000 0.5051
11240.5000 0.5058
11244.0000 0.5065
11267.5000 0.5072
11273.1000 0.5079
11288.2000 0.5085
11288.9000 0.5092
11305.4000 0.5099
11339.2000 0.5106
11358.2000 0.5113
11374.5000 0.5120
11381.0000 0.5126
11447.6000 0.5133
11460.0000 0.5140
11465.5000 0.5147
11476.1000 0.5154
11483.4000 0.5161
11487.0000 0.5167
11514.6000 0.5174
11527.1000 0.5181
11534.9000 0.5188
11535.3000 0.5195
11540.0000 0.5202
11548.0000 0.5208
11585.6000 0.5215
11651.8000 0.5222
11681.1000 0.5229
11685.8000 0.5236
11689.4000 0.5243
11717.5000 0.5249
11735.1000 0.5256
11737.9000 0.5263
11738.3000 0.5270
11739.0000 0.5277
11758.3000 0.5284
11796.8000 0.5290
11834.8000 0.5297
11848.9000 0.5304
11891.6000 0.5311
11896.2000 0.5318
11910.7000 0.5325
11979.3000 0.5332
11981.3000 0.5338
11996.9000 0.5345
12000.0000 0.5352
12030.0000 0.5359
12031.2000 0.5366
12040.5000 0.5373
12041.5000 0.5379
12090.3000 0.5386
12098.2000 0.5393
12115.5000 0.5400
12122.5000 0.5407
12126.5000 0.5414
12128.1000 0.5420
12174.2000 0.5427
12217.6000 0.5434
12222.4000 0.5441
12234.7000 0.5448
12240.4000 0.5455
12243.6000 0.5461
12246.8000 0.5468
12260.3000 0.5475
12283.3000 0.5482
12304.9000 0.5489
12312.1000 0.5496
12333.2000 0.5502
12352.6000 0.5509
12362.5000 0.5516
12363.1000 0.5523
12364.8000 0.5530
12375.9000 0.5537
12382.5000 0.5543
12407.8000 0.5550
12450.3000 0.5557
12467.1000 0.5564
12508.5000 0.5571
12533.8000 0.5578
12533.8000 0.5584
12570.9000 0.5591
12571.9000 0.5598
12622.3000 0.5605
12633.7000 0.5612
12646.1000 0.5619
12692.8000 0.5625
12731.7000 0.5632
12735.5000 0.5639
12751.5000 0.5646
12764.1000 0.5653
12775.5000 0.5660
12829.2000 0.5666
12838.7000 0.5673
12845.4000 0.5680
12916.4000 0.5687
12941.8000 0.5694
12942.5000 0.5701
12983.2000 0.5707
12987.7000 0.5714
12989.2000 0.5721
12999.5000 0.5728
13004.5000 0.5735
13039.0000 0.5742
13057.9000 0.5748
13060.8000 0.5755
13063.3000 0.5762
13073.5000 0.5769
13102.4000 0.5776
13121.7000 0.5783
13140.0000 0.5789
13175.6000 0.5796
13177.4000 0.5803
13178.9000 0.5810
13185.7000 0.5817
13229.3000 0.5824
13237.1000 0.5830
13271.5000 0.5837
13278.7000 0.5844
13292.5000 0.5851
13301.7000 0.5858
13322.1000 0.5865
13350.6000 0.5871
13368.0000 0.5878
13388.3000 0.5885
13429.9000 0.5892
13439.1000 0.5899
13470.2000 0.5906
13496.8000 0.5913
13523.7000 0.5919
13527.9000 0.5926
13542.2000 0.5933
13625.2000 0.5940
13652.0000 0.5947
13662.1000 0.5954
13670.3000 0.5960
13702.0000 0.5967
13714.0000 0.5974
13716.4000 0.5981
13728.6000 0.5988
13795.4000 0.5995
13798.5000 0.6001
13884.8000 0.6008
13887.4000 0.6015
13925.0000 0.6022
13930.2000 0.6029
13941.1000 0.6036
13957.0000 0.6042
14029.9000 0.6049
14031.2000 0.6056
14034.8000 0.6063
14036.6000 0.6070
14043.5000 0.6077
14048.0000 0.6083
14069.0000 0.6090
14077.5000 0.6097
14103.6000 0.6104
14112.2000 0.6111
14113.0000 0.6118
14126.3000 0.6124
14131.1000 0.6131
14177.5000 0.6138
14211.2000 0.6145
14230.1000 0.6152
14247.6000 0.6159
14271.4000 0.6165
14403.1000 0.6172
14439.8000 0.6179
14520.6000 0.6186
14522.3000 0.6193
14547.1000 0.6200
14600.4000 0.6206
14600.9000 0.6213
14638.1000 0.6220
14781.2000 0.6227
14873.7000 0.6234
14972.5000 0.6241
14999.9000 0.6247
15043.5000 0.6254
15079.2000 0.6261
15081.9000 0.6268
15137.7000 0.6275
15192.7000 0.6282
15210.7000 0.6288
15217.5000 0.6295
15269.3000 0.6302
15271.6000 0.6309
15293.0000 0.6316
15318.6000 0.6323
15391.3000 0.6329
15427.6000 0.6336
15429.7000 0.6343
15439.3000 0.6350
15448.4000 0.6357
15450.8000 0.6364
15582.3000 0.6370
15584.5000 0.6377
15591.9000 0.6384
15605.4000 0.6391
15619.2000 0.6398
15636.1000 0.6405
15639.9000 0.6411
15640.2000 0.6418
15642.0000 0.6425
15673.1000 0.6432
15709.1000 0.6439
15737.2000 0.6446
15802.0000 0.6452
15838.9000 0.6459
15854.8000 0.6466
15885.6000 0.6473
15955.3000 0.6480
15970.9000 0.6487
16080.1000 0.6494
16128.2000 0.6500
16255.5000 0.6507
16285.8000 0.6514
16294.5000 0.6521
16325.0000 0.6528
16353.7000 0.6535
16438.6000 0.6541
16455.2000 0.6548
16460.4000 0.6555
16516.1000 0.6562
16520.0000 0.6569
16524.7000 0.6576
16525.2000 0.6582
16683.6000 0.6589
16860.6000 0.6596
16919.3000 0.6603
17030.9000 0.6610
17044.2000 0.6617
17080.2000 0.6623
17113.0000 0.6630
17148.1000 0.6637
17160.7000 0.6644
17192.0000 0.6651
17218.0000 0.6658
17246.5000 0.6664
17281.1000 0.6671
17284.5000 0.6678
17291.2000 0.6685
17325.6000 0.6692
17369.6000 0.6699
17429.2000 0.6705
17513.5000 0.6712
17527.1000 0.6719
17529.6000 0.6726
17535.7000 0.6733
17564.2000 0.6740
17611.9000 0.6746
17724.3000 0.6753
17762.1000 0.6760
17785.9000 0.6767
17868.6000 0.6774
