# time  created  delivered  delivered/created
33.0000 1 0 0.0000
62.0000 2 0 0.0000
93.0000 3 0 0.0000
119.0000 4 0 0.0000
147.0000 5 0 0.0000
173.0000 6 0 0.0000
200.0000 7 0 0.0000
226.0000 8 0 0.0000
230.6000 8 1 0.1250
251.0000 9 1 0.1111
281.0000 10 1 0.1000
309.0000 11 1 0.0909
337.0000 12 1 0.0833
364.0000 13 1 0.0769
394.0000 14 1 0.0714
420.0000 15 1 0.0667
446.0000 16 1 0.0625
474.0000 17 1 0.0588
499.0000 18 1 0.0556
527.0000 19 1 0.0526
557.0000 20 1 0.0500
583.0000 21 1 0.0476
611.0000 22 1 0.0455
640.0000 23 1 0.0435
673.0000 24 1 0.0417
704.0000 25 1 0.0400
729.0000 26 1 0.0385
756.0000 27 1 0.0370
782.0000 28 1 0.0357
809.0000 29 1 0.0345
837.0000 30 1 0.0333
864.0000 31 1 0.0323
892.0000 32 1 0.0313
917.0000 33 1 0.0303
943.0000 34 1 0.0294
969.0000 35 1 0.0286
999.0000 36 1 0.0278
1024.0000 37 1 0.0270
1055.0000 38 1 0.0263
1080.0000 39 1 0.0256
1105.0000 40 1 0.0250
1133.0000 41 1 0.0244
1161.0000 42 1 0.0238
1195.0000 43 1 0.0233
1222.0000 44 1 0.0227
1249.0000 45 1 0.0222
1283.0000 46 1 0.0217
1316.0000 47 1 0.0213
1350.0000 48 1 0.0208
1377.0000 49 1 0.0204
1410.0000 50 1 0.0200
1440.0000 51 1 0.0196
1474.0000 52 1 0.0192
1501.0000 53 1 0.0189
1534.0000 54 1 0.0185
1560.0000 55 1 0.0182
1591.0000 56 1 0.0179
1620.0000 57 1 0.0175
1646.0000 58 1 0.0172
1678.0000 59 1 0.0169
1712.0000 60 1 0.0167
1738.0000 61 1 0.0164
1769.0000 62 1 0.0161
1800.0000 63 1 0.0159
1826.0000 64 1 0.0156
1852.0000 65 1 0.0154
1883.0000 66 1 0.0152
1908.0000 67 1 0.0149
1939.0000 68 1 0.0147
1966.0000 69 1 0.0145
1997.0000 70 1 0.0143
2027.0000 71 1 0.0141
2053.2000 71 2 0.0282
2059.0000 72 2 0.0278
2088.0000 73 2 0.0274
2118.0000 74 2 0.0270
2119.8000 74 3 0.0405
2146.0000 75 3 0.0400
2150.3000 75 4 0.0533
2171.0000 76 4 0.0526
2204.0000 77 4 0.0519
2230.0000 78 4 0.0513
2230.4000 78 5 0.0641
2257.0000 79 5 0.0633
2287.0000 80 5 0.0625
2316.0000 81 5 0.0617
2334.3000 81 6 0.0741
2346.0000 82 6 0.0732
2371.0000 83 6 0.0723
2405.0000 84 6 0.0714
2431.0000 85 6 0.0706
2459.0000 86 6 0.0698
2490.0000 87 6 0.0690
2522.0000 88 6 0.0682
2553.0000 89 6 0.0674
2582.0000 90 6 0.0667
2609.0000 91 6 0.0659
2636.0000 92 6 0.0652
2666.0000 93 6 0.0645
2693.0000 94 6 0.0638
2721.0000 95 6 0.0632
2734.2000 95 7 0.0737
2755.0000 96 7 0.0729
2775.7000 96 8 0.0833
2784.0000 97 8 0.0825
2815.0000 98 8 0.0816
2849.0000 99 8 0.0808
2880.0000 100 8 0.0800
2910.0000 101 8 0.0792
2941.0000 102 8 0.0784
2969.0000 103 8 0.0777
3003.0000 104 8 0.0769
3032.0000 105 8 0.0762
3033.9000 105 9 0.0857
3064.0000 106 9 0.0849
3079.4000 106 10 0.0943
3083.8000 106 11 0.1038
3093.0000 107 11 0.1028
3122.0000 108 11 0.1019
3131.5000 108 12 0.1111
3155.5000 108 13 0.1204
3156.0000 109 13 0.1193
3183.0000 110 13 0.1182
3206.2000 110 14 0.1273
3210.0000 111 14 0.1261
3240.0000 112 14 0.1250
3269.0000 113 14 0.1239
3288.7000 113 15 0.1327
3298.0000 114 15 0.1316
3325.0000 115 15 0.1304
3350.0000 116 15 0.1293
3384.0000 117 15 0.1282
3417.0000 118 15 0.1271
3442.0000 119 15 0.1261
3469.0000 120 15 0.1250
3497.0000 121 15 0.1240
3522.0000 122 15 0.1230
3552.0000 123 15 0.1220
3560.3000 123 16 0.1301
3581.0000 124 16 0.1290
3594.6000 124 17 0.1371
3607.0000 125 17 0.1360
3636.0000 126 17 0.1349
3640.5000 126 18 0.1429
3642.9000 126 19 0.1508
3661.3000 126 20 0.1587
3670.0000 127 20 0.1575
3673.4000 127 21 0.1654
3696.0000 128 21 0.1641
3724.0000 129 21 0.1628
3725.8000 129 22 0.1705
3758.0000 130 22 0.1692
3790.0000 131 22 0.1679
3815.0000 132 22 0.1667
3822.5000 132 23 0.1742
3843.0000 133 23 0.1729
3875.0000 134 23 0.1716
3899.9000 134 24 0.1791
3903.0000 135 24 0.1778
3935.0000 136 24 0.1765
3959.2000 136 25 0.1838
3960.0000 137 25 0.1825
3992.0000 138 25 0.1812
4021.2000 138 26 0.1884
4026.0000 139 26 0.1871
4054.0000 140 26 0.1857
4088.0000 141 26 0.1844
4120.0000 142 26 0.1831
4147.0000 143 26 0.1818
4178.0000 144 26 0.1806
4180.4000 144 27 0.1875
4206.0000 145 27 0.1862
4235.0000 146 27 0.1849
4240.9000 146 28 0.1918
4263.0000 147 28 0.1905
4291.0000 148 28 0.1892
4316.1000 148 29 0.1959
4323.0000 149 29 0.1946
4353.0000 150 29 0.1933
4380.0000 151 29 0.1921
4409.0000 152 29 0.1908
4441.0000 153 29 0.1895
4472.0000 154 29 0.1883
4502.0000 155 29 0.1871
4529.0000 156 29 0.1859
4559.0000 157 29 0.1847
4567.4000 157 30 0.1911
4577.6000 157 31 0.1975
4580.9000 157 32 0.2038
4593.0000 158 32 0.2025
4619.0000 159 32 0.2013
4647.0000 160 32 0.2000
4673.0000 161 32 0.1988
4700.0000 162 32 0.1975
4731.0000 163 32 0.1963
4758.1000 163 33 0.2025
4761.0000 164 33 0.2012
4770.0000 164 34 0.2073
4791.0000 165 34 0.2061
4818.6000 165 35 0.2121
4820.7000 165 36 0.2182
4824.0000 166 36 0.2169
4834.8000 166 37 0.2229
4842.0000 166 38 0.2289
4854.0000 167 38 0.2275
4883.0000 168 38 0.2262
4908.0000 169 38 0.2249
4924.7000 169 39 0.2308
4939.0000 170 39 0.2294
4967.0000 171 39 0.2281
4979.4000 171 40 0.2339
4992.0000 172 40 0.2326
4998.7000 172 41 0.2384
5014.5000 172 42 0.2442
5020.0000 173 42 0.2428
5027.2000 173 43 0.2486
5032.4000 173 44 0.2543
5046.0000 174 44 0.2529
5078.0000 175 44 0.2514
5082.4000 175 45 0.2571
5104.0000 176 45 0.2557
5124.6000 176 46 0.2614
5134.0000 177 46 0.2599
5159.0000 178 46 0.2584
5185.0000 179 46 0.2570
5215.0000 180 46 0.2556
5219.7000 180 47 0.2611
5238.1000 180 48 0.2667
5238.4000 180 49 0.2722
5245.0000 181 49 0.2707
5249.3000 181 50 0.2762
5271.7000 181 51 0.2818
5274.0000 182 51 0.2802
5300.0000 183 51 0.2787
5329.0000 184 51 0.2772
5332.1000 184 52 0.2826
5356.0000 185 52 0.2811
5359.2000 185 53 0.2865
5389.0000 186 53 0.2849
5417.0000 187 53 0.2834
5425.7000 187 54 0.2888
5438.6000 187 55 0.2941
5450.0000 188 55 0.2926
5483.0000 189 55 0.2910
5517.0000 190 55 0.2895
5546.6000 190 56 0.2947
5548.0000 191 56 0.2932
5579.0000 192 56 0.2917
5590.0000 192 57 0.2969
5608.0000 193 57 0.2953
5641.0000 194 57 0.2938
5671.0000 195 57 0.2923
5704.0000 196 57 0.2908
5713.1000 196 58 0.2959
5734.0000 197 58 0.2944
5764.9000 197 59 0.2995
5768.0000 198 59 0.2980
5794.0000 199 59 0.2965
5822.0000 200 59 0.2950
5850.0000 201 59 0.2935
5875.0000 202 59 0.2921
5882.4000 202 60 0.2970
5904.0000 203 60 0.2956
5938.0000 204 60 0.2941
5966.0000 205 60 0.2927
5996.0000 206 60 0.2913
6000.1000 206 61 0.2961
6021.0000 207 61 0.2947
6051.0000 208 61 0.2933
6078.2000 208 62 0.2981
6085.0000 209 62 0.2967
6099.3000 209 63 0.3014
6114.0000 210 63 0.3000
6126.6000 210 64 0.3048
6142.0000 211 64 0.3033
6173.0000 212 64 0.3019
6202.0000 213 64 0.3005
6219.3000 213 65 0.3052
6227.7000 213 66 0.3099
6231.0000 214 66 0.3084
6262.0000 215 66 0.3070
6291.0000 216 66 0.3056
6308.8000 216 67 0.3102
6323.0000 217 67 0.3088
6350.3000 217 68 0.3134
6352.0000 218 68 0.3119
6379.6000 218 69 0.3165
6382.0000 219 69 0.3151
6410.0000 220 69 0.3136
6414.6000 220 70 0.3182
6436.0000 221 70 0.3167
6469.0000 222 70 0.3153
6500.0000 223 70 0.3139
6510.6000 223 71 0.3184
6520.7000 223 72 0.3229
6525.0000 224 72 0.3214
6558.0000 225 72 0.3200
6582.5000 225 73 0.3244
6585.0000 226 73 0.3230
6619.0000 227 73 0.3216
6651.0000 228 73 0.3202
6678.0000 229 73 0.3188
6681.5000 229 74 0.3231
6710.0000 230 74 0.3217
6724.6000 230 75 0.3261
6742.0000 231 75 0.3247
6750.6000 231 76 0.3290
6770.0000 232 76 0.3276
6796.0000 233 76 0.3262
6827.0000 234 76 0.3248
6856.0000 235 76 0.3234
6884.5000 235 77 0.3277
6887.9000 235 78 0.3319
6889.0000 236 78 0.3305
6914.0000 237 78 0.3291
6942.0000 238 78 0.3277
6970.0000 239 78 0.3264
7000.0000 240 78 0.3250
7007.4000 240 79 0.3292
7028.0000 241 79 0.3278
7053.0000 242 79 0.3264
7083.0000 243 79 0.3251
7101.5000 243 80 0.3292
7114.0000 244 80 0.3279
7142.0000 245 80 0.3265
7161.7000 245 81 0.3306
7167.0000 246 81 0.3293
7190.9000 246 82 0.3333
7193.6000 246 83 0.3374
7199.0000 247 83 0.3360
7231.0000 248 83 0.3347
7262.7000 248 84 0.3387
7264.0000 249 84 0.3373
7295.0000 250 84 0.3360
7329.0000 251 84 0.3347
7363.0000 252 84 0.3333
7385.9000 252 85 0.3373
7392.0000 253 85 0.3360
7417.0000 254 85 0.3346
7450.0000 255 85 0.3333
7479.2000 255 86 0.3373
7480.0000 256 86 0.3359
7507.0000 257 86 0.3346
7538.0000 258 86 0.3333
7569.0000 259 86 0.3320
7594.0000 260 86 0.3308
7626.0000 261 86 0.3295
7656.0000 262 86 0.3282
7674.1000 262 87 0.3321
7688.0000 263 87 0.3308
7715.0000 264 87 0.3295
7746.0000 265 87 0.3283
7771.0000 266 87 0.3271
7796.0000 267 87 0.3258
7802.1000 267 88 0.3296
7828.0000 268 88 0.3284
7845.1000 268 89 0.3321
7860.0000 269 89 0.3309
7860.8000 269 90 0.3346
7873.2000 269 91 0.3383
7889.0000 270 91 0.3370
7917.0000 271 91 0.3358
7948.0000 272 91 0.3346
7982.0000 273 91 0.3333
8014.8000 273 92 0.3370
8015.0000 274 92 0.3358
8044.0000 275 92 0.3345
8055.4000 275 93 0.3382
8070.0000 276 93 0.3370
8100.0000 277 93 0.3357
8133.0000 278 93 0.3345
8160.6000 278 94 0.3381
8165.0000 279 94 0.3369
8194.0000 280 94 0.3357
8221.0000 281 94 0.3345
8226.8000 281 95 0.3381
8231.1000 281 96 0.3416
8253.0000 282 96 0.3404
8278.0000 283 96 0.3392
8305.0000 284 96 0.3380
8338.0000 285 96 0.3368
8347.4000 285 97 0.3404
8372.0000 286 97 0.3392
8401.0000 287 97 0.3380
8403.6000 287 98 0.3415
8404.8000 287 99 0.3449
8412.0000 287 100 0.3484
8417.5000 287 101 0.3519
8426.0000 288 101 0.3507
8456.0000 289 101 0.3495
8469.7000 289 102 0.3529
8486.0000 290 102 0.3517
8499.7000 290 103 0.3552
8515.0000 291 103 0.3540
8531.2000 291 104 0.3574
8547.0000 292 104 0.3562
8575.0000 293 104 0.3549
8589.7000 293 105 0.3584
8602.0000 294 105 0.3571
8621.7000 294 106 0.3605
8625.2000 294 107 0.3639
8628.0000 295 107 0.3627
8651.0000 295 108 0.3661
8654.0000 296 108 0.3649
8671.3000 296 109 0.3682
8686.0000 297 109 0.3670
8718.0000 298 109 0.3658
8745.0000 299 109 0.3645
8754.7000 299 110 0.3679
8771.5000 299 111 0.3712
8778.0000 300 111 0.3700
8804.0000 301 111 0.3688
8832.0000 302 111 0.3675
8833.3000 302 112 0.3709
8861.9000 302 113 0.3742
8864.0000 303 113 0.3729
8893.0000 304 113 0.3717
8907.7000 304 114 0.3750
8917.9000 304 115 0.3783
8921.5000 304 116 0.3816
8923.0000 305 116 0.3803
8957.0000 306 116 0.3791
8987.0000 307 116 0.3779
9019.0000 308 116 0.3766
9039.2000 308 117 0.3799
9051.0000 309 117 0.3786
9078.0000 309 118 0.3819
9080.0000 310 118 0.3806
9114.0000 311 118 0.3794
9114.9000 311 119 0.3826
9144.0000 312 119 0.3814
9177.0000 313 119 0.3802
9194.9000 313 120 0.3834
9200.7000 313 121 0.3866
9204.0000 314 121 0.3854
9236.0000 315 121 0.3841
9265.0000 316 121 0.3829
9295.0000 317 121 0.3817
9312.1000 317 122 0.3849
9326.0000 318 122 0.3836
9353.0000 319 122 0.3824
9357.7000 319 123 0.3856
9360.0000 319 124 0.3887
9378.0000 320 124 0.3875
9403.0000 321 124 0.3863
9411.7000 321 125 0.3894
9419.5000 321 126 0.3925
9428.6000 321 127 0.3956
9432.0000 322 127 0.3944
9461.0000 323 127 0.3932
9487.0000 324 127 0.3920
9511.1000 324 128 0.3951
9521.0000 325 128 0.3938
9547.0000 326 128 0.3926
9550.4000 326 129 0.3957
9579.0000 327 129 0.3945
9605.0000 328 129 0.3933
9612.5000 328 130 0.3963
9614.4000 328 131 0.3994
9630.0000 329 131 0.3982
9630.0000 329 132 0.4012
9657.0000 330 132 0.4000
9685.0000 331 132 0.3988
9712.0000 332 132 0.3976
9724.4000 332 133 0.4006
9739.0000 333 133 0.3994
9762.6000 333 134 0.4024
9764.0000 334 134 0.4012
9792.0000 335 134 0.4000
9816.2000 335 135 0.4030
9819.0000 336 135 0.4018
9822.7000 336 136 0.4048
9834.5000 336 137 0.4077
9852.0000 337 137 0.4065
9880.0000 338 137 0.4053
9894.0000 338 138 0.4083
9912.0000 339 138 0.4071
9946.0000 340 138 0.4059
9973.5000 340 139 0.4088
9979.0000 341 139 0.4076
9997.4000 341 140 0.4106
10013.0000 342 140 0.4094
10032.3000 342 141 0.4123
10044.0000 343 141 0.4111
10067.2000 343 142 0.4140
10070.0000 344 142 0.4128
10096.0000 345 142 0.4116
10105.0000 345 143 0.4145
10124.0000 346 143 0.4133
10154.0000 347 143 0.4121
10173.1000 347 144 0.4150
10183.0000 348 144 0.4138
10211.0000 349 144 0.4126
10212.0000 349 145 0.4155
10240.0000 350 145 0.4143
10254.7000 350 146 0.4171
10270.0000 351 146 0.4160
10275.9000 351 147 0.4188
10303.0000 352 147 0.4176
10315.5000 352 148 0.4205
10336.0000 353 148 0.4193
10367.0000 354 148 0.4181
10392.2000 354 149 0.4209
10394.0000 355 149 0.4197
10400.3000 355 150 0.4225
10414.5000 355 151 0.4254
10428.0000 356 151 0.4242
10441.2000 356 152 0.4270
10460.4000 356 153 0.4298
10461.0000 357 153 0.4286
10489.0000 358 153 0.4274
10510.2000 358 154 0.4302
10520.0000 359 154 0.4290
10551.0000 360 154 0.4278
10560.3000 360 155 0.4306
10574.4000 360 156 0.4333
10582.0000 361 156 0.4321
10588.9000 361 157 0.4349
10593.6000 361 158 0.4377
10608.4000 361 159 0.4404
10611.0000 362 159 0.4392
10614.7000 362 160 0.4420
10645.0000 363 160 0.4408
10649.7000 363 161 0.4435
10677.0000 364 161 0.4423
10696.9000 364 162 0.4451
10711.0000 365 162 0.4438
10713.8000 365 163 0.4466
10714.4000 365 164 0.4493
10742.0000 366 164 0.4481
10773.0000 367 164 0.4469
10806.0000 368 164 0.4457
10823.9000 368 165 0.4484
10824.8000 368 166 0.4511
10835.0000 369 166 0.4499
10858.5000 369 167 0.4526
10863.0000 370 167 0.4514
10897.0000 371 167 0.4501
10925.0000 372 167 0.4489
10955.0000 373 167 0.4477
10975.6000 373 168 0.4504
10978.7000 373 169 0.4531
10985.0000 374 169 0.4519
11015.0000 375 169 0.4507
11040.6000 375 170 0.4533
11046.0000 376 170 0.4521
11077.0000 377 170 0.4509
11094.8000 377 171 0.4536
11105.0000 378 171 0.4524
11131.0000 379 171 0.4512
11165.0000 380 171 0.4500
11172.3000 380 172 0.4526
11191.0000 381 172 0.4514
11222.0000 382 172 0.4503
11247.0000 383 172 0.4491
11281.0000 384 172 0.4479
11315.0000 385 172 0.4468
11348.0000 386 172 0.4456
11379.0000 387 172 0.4444
11408.0000 388 172 0.4433
11417.1000 388 173 0.4459
11420.0000 388 174 0.4485
11437.0000 389 174 0.4473
11451.7000 389 175 0.4499
11469.0000 390 175 0.4487
11477.7000 390 176 0.4513
11494.0000 391 176 0.4501
11524.0000 392 176 0.4490
11541.3000 392 177 0.4515
11551.1000 392 178 0.4541
11554.0000 393 178 0.4529
11568.2000 393 179 0.4555
11583.4000 393 180 0.4580
11584.0000 394 180 0.4569
11613.0000 395 180 0.4557
11646.0000 396 180 0.4545
11677.0000 397 180 0.4534
11683.6000 397 181 0.4559
11709.0000 398 181 0.4548
11736.0000 399 181 0.4536
11757.8000 399 182 0.4561
11762.0000 400 182 0.4550
11796.0000 401 182 0.4539
11828.0000 402 182 0.4527
11836.8000 402 183 0.4552
11845.7000 402 184 0.4577
11857.0000 403 184 0.4566
11888.0000 404 184 0.4554
11914.0000 405 184 0.4543
11932.1000 405 185 0.4568
11945.0000 406 185 0.4557
11979.0000 407 185 0.4545
12009.0000 408 185 0.4534
12040.0000 409 185 0.4523
12067.0000 410 185 0.4512
12100.0000 411 185 0.4501
12119.0000 411 186 0.4526
12127.0000 412 186 0.4515
12133.8000 412 187 0.4539
12134.0000 412 188 0.4563
12154.0000 413 188 0.4552
12182.0000 414 188 0.4541
12207.0000 415 188 0.4530
12227.6000 415 189 0.4554
12234.0000 416 189 0.4543
12258.6000 416 190 0.4567
12262.0000 417 190 0.4556
12293.7000 417 191 0.4580
12294.0000 418 191 0.4569
12325.7000 418 192 0.4593
12328.0000 419 192 0.4582
12343.3000 419 193 0.4606
12360.0000 420 193 0.4595
12393.0000 421 193 0.4584
12418.9000 421 194 0.4608
12426.0000 422 194 0.4597
12451.0000 423 194 0.4586
12476.0000 424 194 0.4575
12494.8000 424 195 0.4599
12509.0000 425 195 0.4588
12524.4000 425 196 0.4612
12531.3000 425 197 0.4635
12536.0000 426 197 0.4624
12556.9000 426 198 0.4648
12568.0000 427 198 0.4637
12594.0000 428 198 0.4626
12615.2000 428 199 0.4650
12615.7000 428 200 0.4673
12628.0000 429 200 0.4662
12661.0000 430 200 0.4651
12694.0000 431 200 0.4640
12720.0000 432 200 0.4630
12751.0000 433 200 0.4619
12766.2000 433 201 0.4642
12784.0000 434 201 0.4631
12818.0000 435 201 0.4621
12824.4000 435 202 0.4644
12851.0000 436 202 0.4633
12885.0000 437 202 0.4622
12891.6000 437 203 0.4645
12912.4000 437 204 0.4668
12913.0000 438 204 0.4658
12945.0000 439 204 0.4647
12979.0000 440 204 0.4636
13010.0000 441 204 0.4626
13038.0000 442 204 0.4615
13039.5000 442 205 0.4638
13070.0000 443 205 0.4628
13103.0000 444 205 0.4617
13135.0000 445 205 0.4607
13166.0000 446 205 0.4596
13191.5000 446 206 0.4619
13193.0000 447 206 0.4609
13222.0000 448 206 0.4598
13247.0000 449 206 0.4588
13273.0000 450 206 0.4578
13283.7000 450 207 0.4600
13306.0000 451 207 0.4590
13337.0000 452 207 0.4580
13353.3000 452 208 0.4602
13365.0000 453 208 0.4592
13392.0000 454 208 0.4581
13420.6000 454 209 0.4604
13425.0000 455 209 0.4593
13454.9000 455 210 0.4615
13457.0000 456 210 0.4605
13473.9000 456 211 0.4627
13483.0000 457 211 0.4617
13512.0000 458 211 0.4607
13544.0000 459 211 0.4597
13576.0000 460 211 0.4587
13606.0000 461 211 0.4577
13627.7000 461 212 0.4599
13636.0000 462 212 0.4589
13667.0000 463 212 0.4579
13694.0000 464 212 0.4569
13694.4000 464 213 0.4591
13728.0000 465 213 0.4581
13760.0000 466 213 0.4571
13767.8000 466 214 0.4592
13775.5000 466 215 0.4614
13787.0000 467 215 0.4604
13816.0000 468 215 0.4594
13847.9000 468 216 0.4615
13849.0000 469 216 0.4606
13880.0000 470 216 0.4596
13912.0000 471 216 0.4586
13943.0000 472 216 0.4576
13970.0000 473 216 0.4567
14002.0000 474 216 0.4557
14021.3000 474 217 0.4578
14029.0000 475 217 0.4568
14063.0000 476 217 0.4559
14097.0000 477 217 0.4549
14126.0000 478 217 0.4540
14160.0000 479 217 0.4530
14191.0000 480 217 0.4521
14200.9000 480 218 0.4542
14217.0000 481 218 0.4532
14242.0000 482 218 0.4523
14275.0000 483 218 0.4513
14302.3000 483 219 0.4534
14307.0000 484 219 0.4525
14336.0000 485 219 0.4515
14367.0000 486 219 0.4506
14398.0000 487 219 0.4497
14423.0000 488 219 0.4488
14450.0000 489 219 0.4479
14482.0000 490 219 0.4469
14508.0000 491 219 0.4460
14540.0000 492 219 0.4451
14561.0000 492 220 0.4472
14566.0000 493 220 0.4462
14600.0000 494 220 0.4453
14612.3000 494 221 0.4474
14621.2000 494 222 0.4494
14633.0000 495 222 0.4485
14655.3000 495 223 0.4505
14663.0000 496 223 0.4496
14695.0000 497 223 0.4487
14725.5000 497 224 0.4507
14727.0000 498 224 0.4498
14738.1000 498 225 0.4518
14755.5000 498 226 0.4538
14760.8000 498 227 0.4558
14761.0000 499 227 0.4549
14775.5000 499 228 0.4569
14790.0000 500 228 0.4560
14821.0000 501 228 0.4551
14844.5000 501 229 0.4571
14851.8000 501 230 0.4591
14853.0000 502 230 0.4582
14878.0000 503 230 0.4573
14884.5000 503 231 0.4592
14906.0000 504 231 0.4583
14921.5000 504 232 0.4603
14928.8000 504 233 0.4623
14932.0000 505 233 0.4614
14957.3000 505 234 0.4634
14964.0000 506 234 0.4625
14989.0000 507 234 0.4615
15022.0000 508 234 0.4606
15039.3000 508 235 0.4626
15055.0000 509 235 0.4617
15088.0000 510 235 0.4608
15101.2000 510 236 0.4627
15117.0000 511 236 0.4618
15144.0000 512 236 0.4609
15157.1000 512 237 0.4629
15161.4000 512 238 0.4648
15170.0000 513 238 0.4639
15184.8000 513 239 0.4659
15188.2000 513 240 0.4678
15191.5000 513 241 0.4698
15195.0000 514 241 0.4689
15225.0000 515 241 0.4680
15251.0000 516 241 0.4671
15284.0000 517 241 0.4662
15295.6000 517 242 0.4681
15311.3000 517 243 0.4700
15318.0000 518 243 0.4691
15346.0000 519 243 0.4682
15374.0000 520 243 0.4673
15383.3000 520 244 0.4692
15397.9000 520 245 0.4712
15399.0000 521 245 0.4702
15432.0000 522 245 0.4693
15446.4000 522 246 0.4713
15454.2000 522 247 0.4732
15458.0000 523 247 0.4723
15491.0000 524 247 0.4714
15520.0000 525 247 0.4705
15529.0000 525 248 0.4724
15537.1000 525 249 0.4743
15546.0000 526 249 0.4734
15571.0000 526 250 0.4753
15573.5000 526 251 0.4772
15577.0000 527 251 0.4763
15603.0000 528 251 0.4754
15625.5000 528 252 0.4773
15633.0000 529 252 0.4764
15659.6000 529 253 0.4783
15665.0000 530 253 0.4774
15691.0000 531 253 0.4765
15710.0000 531 254 0.4783
15717.0000 532 254 0.4774
15751.0000 533 254 0.4765
15779.5000 533 255 0.4784
15784.0000 534 255 0.4775
15809.0000 535 255 0.4766
15839.0000 536 255 0.4757
15872.7000 536 256 0.4776
15873.0000 537 256 0.4767
15874.7000 537 257 0.4786
15898.0000 538 257 0.4777
15901.6000 538 258 0.4796
15905.2000 538 259 0.4814
15912.7000 538 260 0.4833
15925.2000 538 261 0.4851
15932.0000 539 261 0.4842
15962.0000 540 261 0.4833
15962.9000 540 262 0.4852
15988.0000 541 262 0.4843
16016.0000 542 262 0.4834
16031.7000 542 263 0.4852
16045.8000 542 264 0.4871
16048.0000 543 264 0.4862
16076.0000 544 264 0.4853
16083.5000 544 265 0.4871
16083.7000 544 266 0.4890
16086.4000 544 267 0.4908
16103.0000 545 267 0.4899
16117.7000 545 268 0.4917
16128.0000 546 268 0.4908
16154.0000 547 268 0.4899
16160.8000 547 269 0.4918
16164.2000 547 270 0.4936
16174.2000 547 271 0.4954
16180.6000 547 272 0.4973
16188.0000 548 272 0.4964
16221.0000 549 272 0.4954
16253.0000 550 272 0.4945
16285.0000 551 272 0.4936
16317.0000 552 272 0.4928
16346.0000 553 272 0.4919
16360.3000 553 273 0.4937
16378.0000 554 273 0.4928
16397.6000 554 274 0.4946
16408.0000 555 274 0.4937
16414.4000 555 275 0.4955
16435.0000 555 276 0.4973
16440.0000 556 276 0.4964
16445.8000 556 277 0.4982
16467.0000 557 277 0.4973
16492.0000 558 277 0.4964
16508.6000 558 278 0.4982
16518.0000 559 278 0.4973
16547.0000 560 278 0.4964
16575.0000 561 278 0.4955
16606.0000 562 278 0.4947
16631.0000 563 278 0.4938
16661.0000 564 278 0.4929
16688.0000 565 278 0.4920
16695.2000 565 279 0.4938
16704.2000 565 280 0.4956
16707.8000 565 281 0.4973
16710.2000 565 282 0.4991
16711.5000 565 283 0.5009
16718.0000 566 283 0.5000
16746.0000 567 283 0.4991
16750.8000 567 284 0.5009
16772.0000 568 284 0.5000
16789.5000 568 285 0.5018
16801.0000 569 285 0.5009
16810.7000 569 286 0.5026
16822.1000 569 287 0.5044
16833.0000 570 287 0.5035
16867.0000 571 287 0.5026
16900.0000 572 287 0.5017
16912.6000 572 288 0.5035
16927.0000 573 288 0.5026
16937.7000 573 289 0.5044
16959.0000 574 289 0.5035
16981.7000 574 290 0.5052
16986.6000 574 291 0.5070
16988.0000 575 291 0.5061
17013.0000 576 291 0.5052
17044.0000 577 291 0.5043
17069.0000 578 291 0.5035
17100.0000 579 291 0.5026
17128.0000 580 291 0.5017
17136.8000 580 292 0.5034
17155.1000 580 293 0.5052
17159.0000 581 293 0.5043
17160.9000 581 294 0.5060
17192.0000 582 294 0.5052
17225.0000 583 294 0.5043
17244.6000 583 295 0.5060
17245.2000 583 296 0.5077
17258.0000 584 296 0.5068
17290.0000 585 296 0.5060
17318.0000 586 296 0.5051
17344.0000 587 296 0.5043
17377.0000 588 296 0.5034
17390.5000 588 297 0.5051
17405.0000 589 297 0.5042
17408.9000 589 298 0.5059
17416.5000 589 299 0.5076
17430.0000 590 299 0.5068
17458.0000 591 299 0.5059
17483.0000 592 299 0.5051
17509.0000 593 299 0.5042
17534.0000 594 299 0.5034
17534.2000 594 300 0.5051
17555.1000 594 301 0.5067
17568.0000 595 301 0.5059
17578.8000 595 302 0.5076
17595.0000 596 302 0.5067
17599.1000 596 303 0.5084
17616.6000 596 304 0.5101
17620.0000 597 304 0.5092
17639.4000 597 305 0.5109
17653.0000 598 305 0.5100
17669.5000 598 306 0.5117
17684.0000 599 306 0.5109
17684.2000 599 307 0.5125
17711.0000 600 307 0.5117
17723.5000 600 308 0.5133
17728.6000 600 309 0.5150
17743.0000 601 309 0.5141
17754.9000 601 310 0.5158
17771.8000 601 311 0.5175
17773.0000 602 311 0.5166
17798.0000 603 311 0.5158
17809.6000 603 312 0.5174
17816.8000 603 313 0.5191
17828.0000 604 313 0.5182
17855.0000 605 313 0.5174
17883.0000 606 313 0.5165
17906.5000 606 314 0.5182
17916.0000 607 314 0.5173
17925.6000 607 315 0.5189
17943.0000 608 315 0.5181
17974.0000 609 315 0.5172
18004.0000 610 315 0.5164
18035.0000 611 315 0.5155
18069.0000 612 315 0.5147
18094.0000 613 315 0.5139
18126.0000 614 315 0.5130
18158.0000 615 315 0.5122
18160.9000 615 316 0.5138
18175.6000 615 317 0.5154
18189.0000 616 317 0.5146
18215.0000 617 317 0.5138
18245.0000 618 317 0.5129
18274.0000 619 317 0.5121
18278.4000 619 318 0.5137
18297.2000 619 319 0.5153
18307.0000 620 319 0.5145
18310.4000 620 320 0.5161
18338.0000 621 320 0.5153
18364.0000 622 320 0.5145
18393.0000 623 320 0.5136
18418.0000 624 320 0.5128
18429.9000 624 321 0.5144
18452.0000 625 321 0.5136
18461.8000 625 322 0.5152
18481.0000 626 322 0.5144
18510.0000 627 322 0.5136
18525.9000 627 323 0.5152
18543.0000 628 323 0.5143
18555.2000 628 324 0.5159
18569.0000 629 324 0.5151
18600.0000 630 324 0.5143
18630.0000 631 324 0.5135
18657.0000 632 324 0.5127
18683.0000 633 324 0.5118
18717.0000 634 324 0.5110
18744.0000 635 324 0.5102
18773.7000 635 325 0.5118
18775.0000 636 325 0.5110
18803.0000 637 325 0.5102
18834.0000 638 325 0.5094
18868.0000 639 325 0.5086
18873.1000 639 326 0.5102
18874.7000 639 327 0.5117
18898.0000 640 327 0.5109
18927.0000 641 327 0.5101
18954.6000 641 328 0.5117
18956.0000 642 328 0.5109
18958.0000 642 329 0.5125
18987.0000 643 329 0.5117
19008.3000 643 330 0.5132
19013.0000 644 330 0.5124
19042.0000 645 330 0.5116
19048.4000 645 331 0.5132
19058.9000 645 332 0.5147
19073.0000 646 332 0.5139
19074.4000 646 333 0.5155
19093.7000 646 334 0.5170
19100.0000 647 334 0.5162
19133.0000 648 334 0.5154
19148.2000 648 335 0.5170
19156.0000 648 336 0.5185
19162.0000 649 336 0.5177
19195.0000 650 336 0.5169
19225.0000 651 336 0.5161
19256.0000 652 336 0.5153
19275.4000 652 337 0.5169
19287.0000 653 337 0.5161
19292.9000 653 338 0.5176
19296.3000 653 339 0.5191
19316.0000 654 339 0.5183
19344.0000 655 339 0.5176
19346.4000 655 340 0.5191
19365.7000 655 341 0.5206
19376.0000 656 341 0.5198
19382.7000 656 342 0.5213
19392.9000 656 343 0.5229
19406.0000 657 343 0.5221
19435.0000 658 343 0.5213
19469.0000 659 343 0.5205
19474.8000 659 344 0.5220
19494.0000 660 344 0.5212
19495.5000 660 345 0.5227
19519.3000 660 346 0.5242
19522.0000 661 346 0.5234
19552.0000 662 346 0.5227
19562.9000 662 347 0.5242
19564.0000 662 348 0.5257
19566.8000 662 349 0.5272
19577.0000 663 349 0.5264
19589.7000 663 350 0.5279
19609.0000 664 350 0.5271
19640.0000 665 350 0.5263
19667.0000 666 350 0.5255
19673.5000 666 351 0.5270
19696.0000 667 351 0.5262
19709.4000 667 352 0.5277
19711.6000 667 353 0.5292
19728.0000 668 353 0.5284
19742.2000 668 354 0.5299
19756.0000 669 354 0.5291
19781.0000 670 354 0.5284
19806.0000 671 354 0.5276
19815.4000 671 355 0.5291
19838.0000 672 355 0.5283
19863.2000 672 356 0.5298
19872.0000 673 356 0.5290
19902.0000 674 356 0.5282
19932.0000 675 356 0.5274
19959.0000 676 356 0.5266
19989.0000 677 356 0.5258
20015.0000 678 356 0.5251
20041.0000 679 356 0.5243
20073.0000 680 356 0.5235
20099.8000 680 357 0.5250
20102.0000 681 357 0.5242
20113.3000 681 358 0.5257
20114.9000 681 359 0.5272
20127.0000 682 359 0.5264
20133.7000 682 360 0.5279
20133.8000 682 361 0.5293
20154.0000 683 361 0.5286
20174.7000 683 362 0.5300
20181.0000 684 362 0.5292
20206.0000 685 362 0.5285
20236.0000 686 362 0.5277
20266.0000 687 362 0.5269
20272.0000 687 363 0.5284
20293.0000 688 363 0.5276
20293.7000 688 364 0.5291
20296.9000 688 365 0.5305
20327.0000 689 365 0.5298
20361.0000 690 365 0.5290
20389.5000 690 366 0.5304
20393.0000 691 366 0.5297
20403.7000 691 367 0.5311
20421.0000 692 367 0.5303
20441.1000 692 368 0.5318
20442.1000 692 369 0.5332
20452.0000 693 369 0.5325
20452.4000 693 370 0.5339
20478.0000 694 370 0.5331
20506.0000 695 370 0.5324
20534.0000 696 370 0.5316
20561.7000 696 371 0.5330
20567.0000 697 371 0.5323
20588.3000 697 372 0.5337
20597.0000 698 372 0.5330
20622.0000 699 372 0.5322
20649.0000 700 372 0.5314
20679.0000 701 372 0.5307
20705.0000 702 372 0.5299
20706.3000 702 373 0.5313
20739.0000 703 373 0.5306
20768.0000 704 373 0.5298
20799.0000 705 373 0.5291
20833.0000 706 373 0.5283
20864.0000 707 373 0.5276
20893.0000 708 373 0.5268
20925.0000 709 373 0.5261
20956.0000 710 373 0.5254
20990.0000 711 373 0.5246
21010.7000 711 374 0.5260
21015.0000 712 374 0.5253
21048.0000 713 374 0.5245
21077.0000 714 374 0.5238
21106.0000 714 375 0.5252
21108.0000 715 375 0.5245
21139.0000 716 375 0.5237
21153.1000 716 376 0.5251
21170.0000 717 376 0.5244
21198.0000 718 376 0.5237
21206.7000 718 377 0.5251
21222.2000 718 378 0.5265
21224.0000 719 378 0.5257
21226.0000 719 379 0.5271
21255.0000 720 379 0.5264
21288.0000 721 379 0.5257
21319.0000 722 379 0.5249
21347.0000 723 379 0.5242
21359.8000 723 380 0.5256
21378.0000 724 380 0.5249
21406.0000 725 380 0.5241
21423.5000 725 381 0.5255
21438.0000 726 381 0.5248
21466.0000 727 381 0.5241
21492.0000 727 382 0.5254
21494.0000 728 382 0.5247
21496.2000 728 383 0.5261
21525.0000 729 383 0.5254
21556.0000 730 383 0.5247
21566.3000 730 384 0.5260
21582.6000 730 385 0.5274
21583.3000 730 386 0.5288
21590.0000 731 386 0.5280
21597.9000 731 387 0.5294
21619.0000 732 387 0.5287
21644.0000 733 387 0.5280
21648.2000 733 388 0.5293
21670.3000 733 389 0.5307
21672.8000 733 390 0.5321
21676.0000 734 390 0.5313
21709.0000 735 390 0.5306
21726.5000 735 391 0.5320
21735.0000 736 391 0.5313
21738.6000 736 392 0.5326
21764.0000 737 392 0.5319
21790.0000 738 392 0.5312
21807.3000 738 393 0.5325
21819.3000 738 394 0.5339
21821.0000 739 394 0.5332
21829.5000 739 395 0.5345
21852.0000 740 395 0.5338
21859.8000 740 396 0.5351
21882.0000 741 396 0.5344
21901.8000 741 397 0.5358
21916.0000 742 397 0.5350
21944.0000 743 397 0.5343
21978.0000 744 397 0.5336
22002.6000 744 398 0.5349
22011.0000 745 398 0.5342
22037.0000 746 398 0.5335
22041.2000 746 399 0.5349
22049.4000 746 400 0.5362
22066.9000 746 401 0.5375
22068.0000 747 401 0.5368
22094.0000 748 401 0.5361
22108.3000 748 402 0.5374
22126.0000 749 402 0.5367
22158.0000 750 402 0.5360
22183.0000 751 402 0.5353
22212.4000 751 403 0.5366
22216.0000 752 403 0.5359
22242.0000 753 403 0.5352
22272.1000 753 404 0.5365
22274.0000 754 404 0.5358
22305.0000 755 404 0.5351
22328.9000 755 405 0.5364
22339.0000 756 405 0.5357
22347.5000 756 406 0.5370
22365.8000 756 407 0.5384
22372.0000 757 407 0.5376
22403.0000 758 407 0.5369
22431.0000 759 407 0.5362
22433.9000 759 408 0.5375
22462.0000 760 408 0.5368
22489.1000 760 409 0.5382
22491.0000 761 409 0.5375
22516.4000 761 410 0.5388
22520.0000 762 410 0.5381
22537.7000 762 411 0.5394
22550.0000 763 411 0.5387
22552.6000 763 412 0.5400
22579.0000 764 412 0.5393
22579.6000 764 413 0.5406
22604.0000 765 413 0.5399
22621.9000 765 414 0.5412
22633.1000 765 415 0.5425
22634.0000 766 415 0.5418
22648.6000 766 416 0.5431
22657.0000 766 417 0.5444
22657.3000 766 418 0.5457
22660.4000 766 419 0.5470
22663.0000 767 419 0.5463
22679.8000 767 420 0.5476
22694.0000 768 420 0.5469
22707.0000 768 421 0.5482
22720.0000 769 421 0.5475
22753.0000 770 421 0.5468
22754.2000 770 422 0.5481
22757.1000 770 423 0.5494
22758.7000 770 424 0.5506
22758.9000 770 425 0.5519
22772.6000 770 426 0.5532
22786.0000 771 426 0.5525
22812.0000 772 426 0.5518
22843.0000 773 426 0.5511
22846.8000 773 427 0.5524
22859.0000 773 428 0.5537
22863.0000 773 429 0.5550
22871.0000 774 429 0.5543
22893.1000 774 430 0.5556
22905.0000 775 430 0.5548
22933.0000 776 430 0.5541
22945.3000 776 431 0.5554
22946.0000 776 432 0.5567
22961.0000 777 432 0.5560
22967.3000 777 433 0.5573
22986.0000 778 433 0.5566
22993.6000 778 434 0.5578
23010.4000 778 435 0.5591
23012.0000 778 436 0.5604
23014.0000 779 436 0.5597
23040.0000 780 436 0.5590
23055.9000 780 437 0.5603
23064.1000 780 438 0.5615
23069.0000 781 438 0.5608
23088.7000 781 439 0.5621
23092.2000 781 440 0.5634
23103.0000 782 440 0.5627
23129.8000 782 441 0.5639
23133.4000 782 442 0.5652
23135.0000 783 442 0.5645
23167.0000 784 442 0.5638
23188.6000 784 443 0.5651
23201.0000 785 443 0.5643
23229.0000 786 443 0.5636
23229.4000 786 444 0.5649
23256.0000 787 444 0.5642
23283.6000 787 445 0.5654
23290.0000 788 445 0.5647
23317.0000 789 445 0.5640
23343.0000 790 445 0.5633
23372.0000 791 445 0.5626
23385.6000 791 446 0.5638
23400.0000 792 446 0.5631
23415.5000 792 447 0.5644
23425.0000 793 447 0.5637
23455.0000 794 447 0.5630
23487.0000 795 447 0.5623
23503.7000 795 448 0.5635
23505.4000 795 449 0.5648
23516.0000 796 449 0.5641
23548.0000 797 449 0.5634
23578.0000 798 449 0.5627
23578.9000 798 450 0.5639
23593.1000 798 451 0.5652
23603.0000 799 451 0.5645
23604.3000 799 452 0.5657
23628.4000 799 453 0.5670
23629.5000 799 454 0.5682
23632.0000 800 454 0.5675
23633.7000 800 455 0.5688
23657.0000 801 455 0.5680
23687.0000 802 455 0.5673
23716.0000 803 455 0.5666
23749.0000 804 455 0.5659
23749.5000 804 456 0.5672
23761.4000 804 457 0.5684
23776.6000 804 458 0.5697
23781.0000 805 458 0.5689
23814.0000 806 458 0.5682
23832.0000 806 459 0.5695
23845.0000 807 459 0.5688
23850.1000 807 460 0.5700
23870.0000 808 460 0.5693
23870.7000 808 461 0.5705
23886.3000 808 462 0.5718
23891.1000 808 463 0.5730
23900.0000 809 463 0.5723
23917.5000 809 464 0.5735
23931.0000 810 464 0.5728
23956.0000 811 464 0.5721
23958.6000 811 465 0.5734
23984.0000 812 465 0.5727
24011.1000 812 466 0.5739
24015.0000 813 466 0.5732
24049.0000 814 466 0.5725
24076.0000 815 466 0.5718
24101.0000 816 466 0.5711
24133.0000 817 466 0.5704
24165.0000 818 466 0.5697
24182.6000 818 467 0.5709
24194.0000 819 467 0.5702
24195.9000 819 468 0.5714
24227.0000 820 468 0.5707
24261.0000 821 468 0.5700
24291.0000 822 468 0.5693
24313.2000 822 469 0.5706
24320.0000 823 469 0.5699
24348.0000 824 469 0.5692
24376.4000 824 470 0.5704
24378.0000 825 470 0.5697
24385.7000 825 471 0.5709
24411.0000 826 471 0.5702
24438.2000 826 472 0.5714
24445.0000 827 472 0.5707
24464.1000 827 473 0.5719
24470.0000 828 473 0.5713
24495.0000 829 473 0.5706
24499.4000 829 474 0.5718
24527.0000 830 474 0.5711
24555.0000 831 474 0.5704
24581.0000 832 474 0.5697
24615.0000 833 474 0.5690
24642.0000 834 474 0.5683
24670.0000 835 474 0.5677
24700.1000 835 475 0.5689
24703.0000 836 475 0.5682
24729.0000 837 475 0.5675
24735.3000 837 476 0.5687
24755.3000 837 477 0.5699
24761.9000 837 478 0.5711
24763.0000 838 478 0.5704
24793.0000 839 478 0.5697
24807.5000 839 479 0.5709
24823.0000 840 479 0.5702
24851.0000 841 479 0.5696
24880.0000 842 479 0.5689
24907.6000 842 480 0.5701
24911.0000 843 480 0.5694
24918.6000 843 481 0.5706
24934.6000 843 482 0.5718
24941.0000 844 482 0.5711
24971.0000 845 482 0.5704
24987.1000 845 483 0.5716
24996.0000 846 483 0.5709
25029.0000 847 483 0.5702
25054.0000 848 483 0.5696
25081.0000 849 483 0.5689
25106.0000 850 483 0.5682
25106.3000 850 484 0.5694
25118.6000 850 485 0.5706
25122.4000 850 486 0.5718
25139.0000 851 486 0.5711
25152.9000 851 487 0.5723
25165.0000 851 488 0.5734
25165.0000 852 488 0.5728
25194.0000 853 488 0.5721
25226.0000 854 488 0.5714
25234.8000 854 489 0.5726
25254.0000 855 489 0.5719
25283.0000 856 489 0.5713
25310.0000 857 489 0.5706
25341.0000 858 489 0.5699
25368.0000 859 489 0.5693
25371.6000 859 490 0.5704
25394.0000 860 490 0.5698
25427.0000 861 490 0.5691
25460.0000 862 490 0.5684
25477.2000 862 491 0.5696
25485.0000 862 492 0.5708
25489.0000 863 492 0.5701
25492.9000 863 493 0.5713
25506.3000 863 494 0.5724
25516.0000 864 494 0.5718
25548.0000 865 494 0.5711
25580.0000 866 494 0.5704
25591.9000 866 495 0.5716
25608.0000 867 495 0.5709
25641.0000 868 495 0.5703
25669.0000 869 495 0.5696
25671.5000 869 496 0.5708
25698.0000 870 496 0.5701
25732.0000 871 496 0.5695
25742.8000 871 497 0.5706
25762.0000 872 497 0.5700
25791.0000 873 497 0.5693
25817.0000 874 497 0.5686
25846.0000 875 497 0.5680
25861.4000 875 498 0.5691
25879.0000 876 498 0.5685
25906.0000 877 498 0.5678
25917.4000 877 499 0.5690
25925.6000 877 500 0.5701
25926.7000 877 501 0.5713
25931.0000 878 501 0.5706
25932.1000 878 502 0.5718
25934.2000 878 503 0.5729
25957.0000 879 503 0.5722
25962.9000 879 504 0.5734
25982.0000 880 504 0.5727
26008.0000 881 504 0.5721
26027.4000 881 505 0.5732
26035.0000 882 505 0.5726
26069.0000 883 505 0.5719
26090.9000 883 506 0.5730
26100.0000 884 506 0.5724
26130.0000 885 506 0.5718
26155.0000 886 506 0.5711
26180.0000 887 506 0.5705
26210.0000 888 506 0.5698
26243.0000 889 506 0.5692
26270.0000 890 506 0.5685
26273.4000 890 507 0.5697
26282.9000 890 508 0.5708
26299.0000 891 508 0.5701
26314.7000 891 509 0.5713
26324.7000 891 510 0.5724
26326.0000 892 510 0.5717
26353.0000 893 510 0.5711
26383.2000 893 511 0.5722
26385.0000 894 511 0.5716
26418.0000 895 511 0.5709
26451.0000 896 511 0.5703
26480.0000 897 511 0.5697
26491.9000 897 512 0.5708
26493.9000 897 513 0.5719
26508.5000 897 514 0.5730
26510.0000 898 514 0.5724
26512.3000 898 515 0.5735
26538.0000 899 515 0.5729
26569.7000 899 516 0.5740
26570.0000 900 516 0.5733
26577.4000 900 517 0.5744
26599.0000 901 517 0.5738
26612.7000 901 518 0.5749
26621.9000 901 519 0.5760
26630.0000 902 519 0.5754
26655.0000 903 519 0.5748
26687.0000 904 519 0.5741
26693.5000 904 520 0.5752
26699.2000 904 521 0.5763
26699.8000 904 522 0.5774
26717.4000 904 523 0.5785
26720.5000 904 524 0.5796
26721.0000 905 524 0.5790
26734.5000 905 525 0.5801
26753.0000 906 525 0.5795
26755.3000 906 526 0.5806
26760.0000 906 527 0.5817
26785.0000 907 527 0.5810
26810.0000 908 527 0.5804
26812.3000 908 528 0.5815
26813.5000 908 529 0.5826
26826.1000 908 530 0.5837
26840.0000 909 530 0.5831
26852.3000 909 531 0.5842
26874.0000 910 531 0.5835
26893.8000 910 532 0.5846
26901.0000 911 532 0.5840
26931.0000 912 532 0.5833
26961.0000 913 532 0.5827
26971.3000 913 533 0.5838
26988.3000 913 534 0.5849
26992.0000 914 534 0.5842
27016.9000 914 535 0.5853
27021.0000 915 535 0.5847
27055.0000 916 535 0.5841
27061.7000 916 536 0.5852
27081.0000 917 536 0.5845
27111.0000 918 536 0.5839
27140.0000 919 536 0.5832
27156.8000 919 537 0.5843
27165.0000 920 537 0.5837
27178.9000 920 538 0.5848
27198.0000 921 538 0.5841
27201.1000 921 539 0.5852
27203.6000 921 540 0.5863
27231.0000 922 540 0.5857
27258.0000 923 540 0.5850
27269.8000 923 541 0.5861
27285.0000 924 541 0.5855
27311.0000 925 541 0.5849
27327.2000 925 542 0.5859
27341.0000 926 542 0.5853
27368.0000 927 542 0.5847
27384.0000 927 543 0.5858
27389.9000 927 544 0.5868
27393.0000 928 544 0.5862
27427.0000 929 544 0.5856
27434.9000 929 545 0.5867
27460.0000 930 545 0.5860
27480.3000 930 546 0.5871
27489.0000 931 546 0.5865
27519.0000 932 546 0.5858
27547.1000 932 547 0.5869
27551.0000 933 547 0.5863
27561.5000 933 548 0.5874
27583.0000 934 548 0.5867
27583.6000 934 549 0.5878
27611.0000 935 549 0.5872
27615.6000 935 550 0.5882
27627.7000 935 551 0.5893
27640.0000 936 551 0.5887
27671.0000 937 551 0.5880
27681.5000 937 552 0.5891
27696.0000 938 552 0.5885
27721.0000 939 552 0.5879
27745.8000 939 553 0.5889
27747.0000 940 553 0.5883
27753.3000 940 554 0.5894
27777.0000 941 554 0.5887
27783.9000 941 555 0.5898
27808.0000 942 555 0.5892
27840.0000 943 555 0.5885
27873.0000 944 555 0.5879
27899.9000 944 556 0.5890
27901.0000 945 556 0.5884
27903.8000 945 557 0.5894
27918.0000 945 558 0.5905
27932.0000 946 558 0.5899
27941.6000 946 559 0.5909
27949.2000 946 560 0.5920
27957.0000 947 560 0.5913
27979.2000 947 561 0.5924
27986.9000 947 562 0.5935
27989.0000 948 562 0.5928
27990.6000 948 563 0.5939
27994.5000 948 564 0.5949
28018.0000 949 564 0.5943
28029.5000 949 565 0.5954
28033.0000 949 566 0.5964
28052.0000 950 566 0.5958
28054.2000 950 567 0.5968
28062.9000 950 568 0.5979
28068.3000 950 569 0.5989
28077.0000 951 569 0.5983
28104.4000 951 570 0.5994
28106.6000 951 571 0.6004
28110.0000 952 571 0.5998
28121.4000 952 572 0.6008
28142.0000 953 572 0.6002
28170.0000 954 572 0.5996
28174.2000 954 573 0.6006
28197.0000 955 573 0.6000
28201.0000 955 574 0.6010
28212.4000 955 575 0.6021
28222.5000 955 576 0.6031
28225.0000 956 576 0.6025
28238.7000 956 577 0.6036
28258.0000 957 577 0.6029
28259.6000 957 578 0.6040
28260.3000 957 579 0.6050
28284.0000 958 579 0.6044
28316.0000 959 579 0.6038
28349.0000 960 579 0.6031
28354.3000 960 580 0.6042
28380.0000 961 580 0.6035
28381.0000 961 581 0.6046
28402.4000 961 582 0.6056
28409.0000 962 582 0.6050
28439.0000 963 582 0.6044
28472.0000 964 582 0.6037
28481.6000 964 583 0.6048
28500.0000 965 583 0.6041
28521.1000 965 584 0.6052
28525.0000 966 584 0.6046
28534.4000 966 585 0.6056
28556.0000 967 585 0.6050
28571.1000 967 586 0.6060
28588.0000 968 586 0.6054
28597.2000 968 587 0.6064
28607.6000 968 588 0.6074
28613.7000 968 589 0.6085
28619.0000 969 589 0.6078
28645.0000 970 589 0.6072
28672.0000 971 589 0.6066
28685.2000 971 590 0.6076
28692.9000 971 591 0.6087
28697.0000 971 592 0.6097
28701.0000 972 592 0.6091
28727.0000 973 592 0.6084
28752.1000 973 593 0.6095
28755.8000 973 594 0.6105
28759.7000 973 595 0.6115
28760.0000 974 595 0.6109
28788.0000 975 595 0.6103
28819.0000 976 595 0.6096
28820.6000 976 596 0.6107
28834.2000 976 597 0.6117
28848.0000 977 597 0.6111
28868.9000 977 598 0.6121
28876.0000 978 598 0.6115
28889.0000 978 599 0.6125
28905.0000 979 599 0.6118
28929.3000 979 600 0.6129
28930.0000 980 600 0.6122
28932.4000 980 601 0.6133
28960.0000 981 601 0.6126
28994.0000 982 601 0.6120
29018.3000 982 602 0.6130
29020.0000 983 602 0.6124
29025.2000 983 603 0.6134
29047.6000 983 604 0.6144
29053.0000 984 604 0.6138
29067.3000 984 605 0.6148
29084.0000 985 605 0.6142
29115.5000 985 606 0.6152
29116.0000 986 606 0.6146
29144.0000 987 606 0.6140
29146.4000 987 607 0.6150
29168.0000 987 608 0.6160
29174.0000 988 608 0.6154
29177.5000 988 609 0.6164
29208.0000 989 609 0.6158
29235.0000 990 609 0.6152
29266.0000 991 609 0.6145
29284.9000 991 610 0.6155
29292.0000 992 610 0.6149
29317.0000 993 610 0.6143
29326.3000 993 611 0.6153
29342.0000 994 611 0.6147
29375.0000 995 611 0.6141
29388.8000 995 612 0.6151
29409.0000 996 612 0.6145
29434.0000 996 613 0.6155
29443.0000 997 613 0.6148
29471.4000 997 614 0.6158
29477.0000 998 614 0.6152
29483.7000 998 615 0.6162
29487.9000 998 616 0.6172
29502.0000 999 616 0.6166
29504.7000 999 617 0.6176
29533.0000 1000 617 0.6170
29538.8000 1000 618 0.6180
29563.0000 1000 619 0.6190
29565.0000 1001 619 0.6184
29565.3000 1001 620 0.6194
29572.0000 1001 621 0.6204
29594.2000 1001 622 0.6214
29595.0000 1002 622 0.6208
29613.6000 1002 623 0.6218
29628.0000 1003 623 0.6211
29656.0000 1004 623 0.6205
29660.1000 1004 624 0.6215
29689.0000 1005 624 0.6209
29701.6000 1005 625 0.6219
29714.0000 1006 625 0.6213
29739.0000 1007 625 0.6207
29771.0000 1008 625 0.6200
29796.6000 1008 626 0.6210
29805.0000 1009 626 0.6204
29832.0000 1010 626 0.6198
29839.1000 1010 627 0.6208
29864.0000 1011 627 0.6202
29895.0000 1012 627 0.6196
29924.0000 1013 627 0.6190
29930.1000 1013 628 0.6199
29949.0000 1014 628 0.6193
29980.0000 1015 628 0.6187
30010.0000 1016 628 0.6181
30037.0000 1017 628 0.6175
30065.0000 1018 628 0.6169
30080.6000 1018 629 0.6179
30097.0000 1019 629 0.6173
30127.0000 1020 629 0.6167
30146.6000 1020 630 0.6176
30156.0000 1021 630 0.6170
30181.0000 1022 630 0.6164
30212.0000 1023 630 0.6158
30219.0000 1023 631 0.6168
30242.0000 1024 631 0.6162
30251.5000 1024 632 0.6172
30268.0000 1025 632 0.6166
30276.9000 1025 633 0.6176
30302.0000 1026 633 0.6170
30330.0000 1027 633 0.6164
30360.0000 1028 633 0.6158
30374.4000 1028 634 0.6167
30385.0000 1029 634 0.6161
30397.7000 1029 635 0.6171
30400.4000 1029 636 0.6181
30411.0000 1030 636 0.6175
30412.4000 1030 637 0.6184
30413.8000 1030 638 0.6194
30439.0000 1031 638 0.6188
30454.3000 1031 639 0.6198
30471.0000 1032 639 0.6192
30504.0000 1033 639 0.6186
30511.3000 1033 640 0.6196
30534.0000 1034 640 0.6190
30541.6000 1034 641 0.6199
30564.0000 1034 642 0.6209
30568.0000 1035 642 0.6203
30601.0000 1036 642 0.6197
30626.0000 1037 642 0.6191
30632.6000 1037 643 0.6201
30657.0000 1038 643 0.6195
30687.0000 1039 643 0.6189
30714.3000 1039 644 0.6198
30721.0000 1040 644 0.6192
30750.0000 1040 645 0.6202
30753.0000 1041 645 0.6196
30755.8000 1041 646 0.6206
30761.9000 1041 647 0.6215
30785.7000 1041 648 0.6225
30786.0000 1042 648 0.6219
30788.4000 1042 649 0.6228
30812.0000 1043 649 0.6222
30835.1000 1043 650 0.6232
30839.0000 1044 650 0.6226
30866.0000 1045 650 0.6220
30898.0000 1046 650 0.6214
30908.4000 1046 651 0.6224
30927.0000 1047 651 0.6218
30948.9000 1047 652 0.6227
30953.0000 1048 652 0.6221
30972.5000 1048 653 0.6231
30987.0000 1049 653 0.6225
31015.0000 1050 653 0.6219
31036.9000 1050 654 0.6229
31037.7000 1050 655 0.6238
31043.0000 1051 655 0.6232
31072.0000 1052 655 0.6226
31087.8000 1052 656 0.6236
31101.0000 1053 656 0.6230
31131.0000 1054 656 0.6224
31147.1000 1054 657 0.6233
31161.0000 1055 657 0.6227
31169.8000 1055 658 0.6237
31182.4000 1055 659 0.6246
31187.0000 1056 659 0.6241
31216.0000 1057 659 0.6235
31245.0000 1058 659 0.6229
31277.0000 1059 659 0.6223
31296.0000 1059 660 0.6232
31307.0000 1060 660 0.6226
31333.0000 1061 660 0.6221
31360.0000 1062 660 0.6215
31390.0000 1063 660 0.6209
31418.0000 1064 660 0.6203
31419.4000 1064 661 0.6212
31427.7000 1064 662 0.6222
31451.0000 1065 662 0.6216
31468.7000 1065 663 0.6225
31479.0000 1066 663 0.6220
31496.8000 1066 664 0.6229
31501.6000 1066 665 0.6238
31504.0000 1067 665 0.6232
31526.6000 1067 666 0.6242
31531.0000 1068 666 0.6236
31539.2000 1068 667 0.6245
31562.5000 1068 668 0.6255
31565.0000 1069 668 0.6249
31591.0000 1070 668 0.6243
31625.0000 1071 668 0.6237
31638.1000 1071 669 0.6246
31645.9000 1071 670 0.6256
31651.0000 1072 670 0.6250
31677.0000 1073 670 0.6244
31681.3000 1073 671 0.6253
31707.0000 1074 671 0.6248
31735.3000 1074 672 0.6257
31740.0000 1075 672 0.6251
31765.9000 1075 673 0.6260
31769.0000 1076 673 0.6255
31795.0000 1077 673 0.6249
31803.6000 1077 674 0.6258
31804.1000 1077 675 0.6267
31804.2000 1077 676 0.6277
31823.0000 1078 676 0.6271
31825.3000 1078 677 0.6280
31836.2000 1078 678 0.6289
31839.8000 1078 679 0.6299
31842.8000 1078 680 0.6308
31856.0000 1079 680 0.6302
31881.0000 1080 680 0.6296
31891.8000 1080 681 0.6306
31911.0000 1081 681 0.6300
31938.0000 1082 681 0.6294
31964.0000 1083 681 0.6288
31978.2000 1083 682 0.6297
31994.0000 1084 682 0.6292
32020.0000 1085 682 0.6286
32049.0000 1086 682 0.6280
32079.0000 1087 682 0.6274
32107.0000 1088 682 0.6268
32125.3000 1088 683 0.6278
32133.0000 1089 683 0.6272
32158.0000 1090 683 0.6266
32185.7000 1090 684 0.6275
32191.0000 1091 684 0.6269
32221.0000 1092 684 0.6264
32240.2000 1092 685 0.6273
32253.0000 1093 685 0.6267
32253.7000 1093 686 0.6276
32274.7000 1093 687 0.6285
32285.0000 1094 687 0.6280
32311.0000 1095 687 0.6274
32327.0000 1095 688 0.6283
32338.0000 1096 688 0.6277
32371.0000 1097 688 0.6272
32379.0000 1097 689 0.6281
32399.0000 1098 689 0.6275
32424.0000 1099 689 0.6269
32458.0000 1100 689 0.6264
32470.7000 1100 690 0.6273
32487.0000 1101 690 0.6267
32491.0000 1101 691 0.6276
32521.0000 1102 691 0.6270
32524.3000 1102 692 0.6279
32551.0000 1103 692 0.6274
32576.0000 1104 692 0.6268
32594.6000 1104 693 0.6277
32601.0000 1105 693 0.6271
32630.0000 1106 693 0.6266
32636.5000 1106 694 0.6275
32640.1000 1106 695 0.6284
32650.3000 1106 696 0.6293
32654.6000 1106 697 0.6302
32660.0000 1107 697 0.6296
32688.0000 1108 697 0.6291
32697.4000 1108 698 0.6300
32717.0000 1109 698 0.6294
32722.1000 1109 699 0.6303
32731.0000 1109 700 0.6312
32747.0000 1110 700 0.6306
32766.7000 1110 701 0.6315
32777.0000 1111 701 0.6310
32811.0000 1112 701 0.6304
32814.2000 1112 702 0.6313
32815.4000 1112 703 0.6322
32839.0000 1113 703 0.6316
32863.0000 1113 704 0.6325
32866.0000 1114 704 0.6320
32899.0000 1115 704 0.6314
32925.0000 1116 704 0.6308
32945.6000 1116 705 0.6317
32959.0000 1117 705 0.6312
32966.3000 1117 706 0.6321
32991.0000 1118 706 0.6315
33017.0000 1119 706 0.6309
33020.4000 1119 707 0.6318
33042.9000 1119 708 0.6327
33048.0000 1120 708 0.6321
33080.0000 1121 708 0.6316
33104.9000 1121 709 0.6325
33105.0000 1122 709 0.6319
33136.0000 1123 709 0.6313
33153.2000 1123 710 0.6322
33155.8000 1123 711 0.6331
33170.0000 1124 711 0.6326
33184.1000 1124 712 0.6335
33189.0000 1124 713 0.6343
33189.7000 1124 714 0.6352
33200.0000 1125 714 0.6347
33227.0000 1126 714 0.6341
33230.4000 1126 715 0.6350
33261.0000 1127 715 0.6344
33292.0000 1128 715 0.6339
33297.2000 1128 716 0.6348
33319.0000 1129 716 0.6342
33344.0000 1130 716 0.6336
33375.0000 1131 716 0.6331
33406.0000 1132 716 0.6325
33434.0000 1133 716 0.6320
33462.0000 1134 716 0.6314
33486.7000 1134 717 0.6323
33492.0000 1135 717 0.6317
33522.7000 1135 718 0.6326
33526.0000 1136 718 0.6320
33538.3000 1136 719 0.6329
33538.6000 1136 720 0.6338
33541.3000 1136 721 0.6347
33541.7000 1136 722 0.6356
33547.6000 1136 723 0.6364
33554.0000 1137 723 0.6359
33586.0000 1138 723 0.6353
33613.0000 1139 723 0.6348
33626.1000 1139 724 0.6356
33645.0000 1140 724 0.6351
33673.0000 1141 724 0.6345
33694.0000 1141 725 0.6354
33702.0000 1142 725 0.6349
33711.3000 1142 726 0.6357
33727.0000 1143 726 0.6352
33754.0000 1144 726 0.6346
33780.0000 1145 726 0.6341
33805.0000 1146 726 0.6335
33832.0000 1147 726 0.6330
33848.8000 1147 727 0.6338
33862.0000 1148 727 0.6333
33870.6000 1148 728 0.6341
33879.8000 1148 729 0.6350
33896.0000 1149 729 0.6345
33919.6000 1149 730 0.6353
33921.0000 1150 730 0.6348
33950.0000 1151 730 0.6342
33972.8000 1151 731 0.6351
33977.0000 1152 731 0.6345
34003.0000 1153 731 0.6340
34031.0000 1154 731 0.6334
34056.8000 1154 732 0.6343
34064.0000 1155 732 0.6338
34068.0000 1155 733 0.6346
34090.9000 1155 734 0.6355
34097.0000 1156 734 0.6349
34097.8000 1156 735 0.6358
34113.9000 1156 736 0.6367
34117.7000 1156 737 0.6375
34126.0000 1157 737 0.6370
34143.0000 1157 738 0.6379
34157.0000 1158 738 0.6373
34185.0000 1159 738 0.6368
34198.2000 1159 739 0.6376
34211.0000 1159 740 0.6385
34214.0000 1160 740 0.6379
34240.0000 1161 740 0.6374
34266.0000 1162 740 0.6368
34266.5000 1162 741 0.6377
34269.1000 1162 742 0.6386
34271.2000 1162 743 0.6394
34271.7000 1162 744 0.6403
34294.0000 1163 744 0.6397
34320.0000 1164 744 0.6392
34335.0000 1164 745 0.6400
34345.0000 1165 745 0.6395
34372.0000 1166 745 0.6389
34374.9000 1166 746 0.6398
34399.0000 1167 746 0.6392
34410.4000 1167 747 0.6401
34431.5000 1167 748 0.6410
34433.0000 1168 748 0.6404
34467.0000 1169 748 0.6399
34488.2000 1169 749 0.6407
34490.7000 1169 750 0.6416
34493.4000 1169 751 0.6424
34501.0000 1170 751 0.6419
34527.0000 1171 751 0.6413
34561.0000 1172 751 0.6408
34571.4000 1172 752 0.6416
34593.0000 1173 752 0.6411
34605.3000 1173 753 0.6419
34625.0000 1174 753 0.6414
34641.9000 1174 754 0.6422
34651.0000 1175 754 0.6417
34652.2000 1175 755 0.6426
34672.1000 1175 756 0.6434
34681.0000 1176 756 0.6429
34707.0000 1177 756 0.6423
34732.0000 1178 756 0.6418
34757.0000 1179 756 0.6412
34784.0000 1180 756 0.6407
34813.0000 1181 756 0.6401
34827.4000 1181 757 0.6410
34838.0000 1182 757 0.6404
34866.0000 1183 757 0.6399
34882.9000 1183 758 0.6407
34891.0000 1184 758 0.6402
34916.0000 1185 758 0.6397
34943.0000 1186 758 0.6391
34975.0000 1187 758 0.6386
34998.9000 1187 759 0.6394
35001.0000 1188 759 0.6389
35031.0000 1189 759 0.6384
35061.0000 1190 759 0.6378
35079.3000 1190 760 0.6387
35086.0000 1191 760 0.6381
35112.0000 1192 760 0.6376
35130.4000 1192 761 0.6384
35142.0000 1193 761 0.6379
35173.7000 1193 762 0.6387
35176.0000 1194 762 0.6382
35209.0000 1195 762 0.6377
35237.0000 1196 762 0.6371
35268.0000 1197 762 0.6366
35280.3000 1197 763 0.6374
35300.0000 1198 763 0.6369
35313.0000 1198 764 0.6377
35325.0000 1199 764 0.6372
35331.6000 1199 765 0.6380
35359.0000 1200 765 0.6375
35389.0000 1201 765 0.6370
35419.0000 1202 765 0.6364
35440.9000 1202 766 0.6373
35451.0000 1203 766 0.6367
35452.3000 1203 767 0.6376
35454.5000 1203 768 0.6384
35480.0000 1204 768 0.6379
35493.5000 1204 769 0.6387
35507.0000 1205 769 0.6382
35509.1000 1205 770 0.6390
35517.7000 1205 771 0.6398
35539.0000 1206 771 0.6393
35566.0000 1207 771 0.6388
35585.8000 1207 772 0.6396
35592.0000 1208 772 0.6391
35625.0000 1209 772 0.6385
35627.8000 1209 773 0.6394
35658.0000 1210 773 0.6388
35687.0000 1211 773 0.6383
35692.2000 1211 774 0.6391
35694.7000 1211 775 0.6400
35715.0000 1212 775 0.6394
35749.0000 1213 775 0.6389
35765.7000 1213 776 0.6397
35776.0000 1214 776 0.6392
35809.0000 1215 776 0.6387
35842.0000 1216 776 0.6382
35852.2000 1216 777 0.6390
35873.0000 1217 777 0.6385
35903.0000 1218 777 0.6379
35936.0000 1219 777 0.6374
35962.0000 1220 777 0.6369
35984.1000 1220 778 0.6377
35996.0000 1221 778 0.6372
36027.0000 1222 778 0.6367
36044.2000 1222 779 0.6375
36060.0000 1223 779 0.6370
36083.3000 1223 780 0.6378
36093.0000 1224 780 0.6373
36097.0000 1224 781 0.6381
36108.1000 1224 782 0.6389
36121.0000 1225 782 0.6384
36153.0000 1226 782 0.6378
36158.2000 1226 783 0.6387
36174.0000 1226 784 0.6395
36182.0000 1227 784 0.6390
36209.0000 1228 784 0.6384
36234.0000 1229 784 0.6379
36265.0000 1230 784 0.6374
36290.0000 1231 784 0.6369
36290.3000 1231 785 0.6377
36302.0000 1231 786 0.6385
36319.0000 1232 786 0.6380
36323.1000 1232 787 0.6388
36346.0000 1233 787 0.6383
36377.0000 1234 787 0.6378
36388.9000 1234 788 0.6386
36395.7000 1234 789 0.6394
36399.0000 1234 790 0.6402
36408.2000 1234 791 0.6410
36409.0000 1235 791 0.6405
36441.0000 1236 791 0.6400
36475.0000 1237 791 0.6395
36478.0000 1237 792 0.6403
36505.0000 1238 792 0.6397
36532.0000 1239 792 0.6392
36543.0000 1239 793 0.6400
36557.4000 1239 794 0.6408
36560.0000 1240 794 0.6403
36594.0000 1241 794 0.6398
36610.0000 1241 795 0.6406
36617.8000 1241 796 0.6414
36626.0000 1242 796 0.6409
36647.7000 1242 797 0.6417
36658.0000 1243 797 0.6412
36666.2000 1243 798 0.6420
36692.0000 1244 798 0.6415
36720.0000 1245 798 0.6410
36731.6000 1245 799 0.6418
36743.6000 1245 800 0.6426
36748.0000 1246 800 0.6421
36771.1000 1246 801 0.6429
36782.0000 1247 801 0.6423
36806.5000 1247 802 0.6431
36812.0000 1248 802 0.6426
36830.1000 1248 803 0.6434
36835.8000 1248 804 0.6442
36837.6000 1248 805 0.6450
36843.0000 1249 805 0.6445
36874.0000 1250 805 0.6440
36877.4000 1250 806 0.6448
36900.0000 1251 806 0.6443
36919.6000 1251 807 0.6451
36932.0000 1252 807 0.6446
36964.0000 1253 807 0.6441
36991.6000 1253 808 0.6449
36998.0000 1254 808 0.6443
36998.5000 1254 809 0.6451
37001.1000 1254 810 0.6459
37011.1000 1254 811 0.6467
37025.0000 1255 811 0.6462
37026.3000 1255 812 0.6470
37028.6000 1255 813 0.6478
37058.0000 1256 813 0.6473
37085.8000 1256 814 0.6481
37091.0000 1257 814 0.6476
37116.0000 1258 814 0.6471
37147.0000 1259 814 0.6465
37178.0000 1260 814 0.6460
37178.7000 1260 815 0.6468
37197.0000 1260 816 0.6476
37210.0000 1261 816 0.6471
37223.9000 1261 817 0.6479
37235.0000 1262 817 0.6474
37244.2000 1262 818 0.6482
37266.0000 1263 818 0.6477
37293.0000 1263 819 0.6485
37300.0000 1264 819 0.6479
37332.0000 1265 819 0.6474
37340.4000 1265 820 0.6482
37357.0000 1266 820 0.6477
37376.9000 1266 821 0.6485
37388.0000 1267 821 0.6480
37394.8000 1267 822 0.6488
37402.1000 1267 823 0.6496
37415.0000 1268 823 0.6491
37416.9000 1268 824 0.6498
37428.2000 1268 825 0.6506
37445.0000 1269 825 0.6501
37472.0000 1270 825 0.6496
37505.0000 1271 825 0.6491
37509.8000 1271 826 0.6499
37534.0000 1272 826 0.6494
37564.0000 1273 826 0.6489
37596.0000 1274 826 0.6484
37623.1000 1274 827 0.6491
37624.0000 1275 827 0.6486
37639.2000 1275 828 0.6494
37656.0000 1276 828 0.6489
37684.0000 1277 828 0.6484
37707.9000 1277 829 0.6492
37709.0000 1278 829 0.6487
37722.7000 1278 830 0.6495
37739.0000 1279 830 0.6489
37745.8000 1279 831 0.6497
37765.0000 1280 831 0.6492
37788.6000 1280 832 0.6500
37798.0000 1281 832 0.6495
37804.5000 1281 833 0.6503
37812.3000 1281 834 0.6511
37829.0000 1282 834 0.6505
37832.3000 1282 835 0.6513
37856.0000 1283 835 0.6508
37881.0000 1284 835 0.6503
37910.0000 1285 835 0.6498
37915.1000 1285 836 0.6506
37925.3000 1285 837 0.6514
37937.3000 1285 838 0.6521
37944.0000 1286 838 0.6516
37969.0000 1287 838 0.6511
37998.0000 1288 838 0.6506
38024.0000 1289 838 0.6501
38058.0000 1290 838 0.6496
38088.0000 1291 838 0.6491
38115.0000 1292 838 0.6486
38141.0000 1293 838 0.6481
38169.0000 1294 838 0.6476
38181.7000 1294 839 0.6484
38191.8000 1294 840 0.6491
38200.0000 1295 840 0.6486
38215.5000 1295 841 0.6494
38226.0000 1296 841 0.6489
38233.7000 1296 842 0.6497
38243.3000 1296 843 0.6505
38258.0000 1297 843 0.6500
38283.0000 1298 843 0.6495
38314.0000 1299 843 0.6490
38341.0000 1300 843 0.6485
38371.0000 1301 843 0.6480
38403.0000 1302 843 0.6475
38433.0000 1303 843 0.6470
38438.5000 1303 844 0.6477
38466.0000 1304 844 0.6472
38469.4000 1304 845 0.6480
38498.0000 1305 845 0.6475
38523.0000 1306 845 0.6470
38551.0000 1307 845 0.6465
38572.9000 1307 846 0.6473
38580.0000 1308 846 0.6468
38588.7000 1308 847 0.6476
38612.0000 1309 847 0.6471
38613.0000 1309 848 0.6478
38637.0000 1310 848 0.6473
38663.0000 1311 848 0.6468
38666.0000 1311 849 0.6476
38697.0000 1312 849 0.6471
38723.0000 1313 849 0.6466
38738.7000 1313 850 0.6474
38749.0000 1314 850 0.6469
38753.2000 1314 851 0.6476
38778.0000 1315 851 0.6471
38808.0000 1316 851 0.6467
38814.6000 1316 852 0.6474
38840.0000 1317 852 0.6469
38866.0000 1318 852 0.6464
38892.0000 1319 852 0.6459
38903.1000 1319 853 0.6467
38923.0000 1320 853 0.6462
38956.0000 1321 853 0.6457
38979.5000 1321 854 0.6465
38982.0000 1322 854 0.6460
38994.0000 1322 855 0.6467
38996.3000 1322 856 0.6475
39002.1000 1322 857 0.6483
39007.0000 1323 857 0.6478
39013.2000 1323 858 0.6485
39032.0000 1324 858 0.6480
39038.8000 1324 859 0.6488
39056.7000 1324 860 0.6495
39064.0000 1325 860 0.6491
39079.4000 1325 861 0.6498
39095.0000 1326 861 0.6493
39127.0000 1327 861 0.6488
39145.2000 1327 862 0.6496
39161.0000 1328 862 0.6491
39189.0000 1329 862 0.6486
39214.0000 1330 862 0.6481
39234.9000 1330 863 0.6489
39240.0000 1331 863 0.6484
39268.0000 1332 863 0.6479
39283.7000 1332 864 0.6486
39296.3000 1332 865 0.6494
39298.0000 1333 865 0.6489
39332.0000 1334 865 0.6484
39343.8000 1334 866 0.6492
39362.0000 1335 866 0.6487
39387.0000 1336 866 0.6482
39411.4000 1336 867 0.6490
39412.0000 1337 867 0.6485
39414.5000 1337 868 0.6492
39440.0000 1338 868 0.6487
39452.1000 1338 869 0.6495
39474.0000 1339 869 0.6490
39479.1000 1339 870 0.6497
39481.6000 1339 871 0.6505
39500.0000 1340 871 0.6500
39534.0000 1341 871 0.6495
39564.0000 1342 871 0.6490
39579.6000 1342 872 0.6498
39595.0000 1343 872 0.6493
39623.0000 1344 872 0.6488
39638.1000 1344 873 0.6496
39645.8000 1344 874 0.6503
39657.0000 1345 874 0.6498
39674.0000 1345 875 0.6506
39691.0000 1346 875 0.6501
39723.0000 1347 875 0.6496
39753.0000 1347 876 0.6503
39755.0000 1348 876 0.6499
39766.1000 1348 877 0.6506
39787.0000 1349 877 0.6501
39818.0000 1350 877 0.6496
39826.3000 1350 878 0.6504
39845.0000 1351 878 0.6499
39873.0000 1352 878 0.6494
39907.0000 1353 878 0.6489
39935.0000 1354 878 0.6484
39964.0000 1355 878 0.6480
39991.0000 1356 878 0.6475
40017.0000 1357 878 0.6470
40035.9000 1357 879 0.6478
40050.0000 1358 879 0.6473
40061.4000 1358 880 0.6480
40076.0000 1359 880 0.6475
40107.0000 1360 880 0.6471
40141.0000 1361 880 0.6466
40167.0000 1362 880 0.6461
40171.7000 1362 881 0.6468
40189.2000 1362 882 0.6476
40196.0000 1363 882 0.6471
40223.0000 1364 882 0.6466
40248.0000 1365 882 0.6462
40280.0000 1366 882 0.6457
40284.5000 1366 883 0.6464
40313.0000 1367 883 0.6459
40335.6000 1367 884 0.6467
40340.0000 1368 884 0.6462
40360.4000 1368 885 0.6469
40365.9000 1368 886 0.6477
40371.0000 1369 886 0.6472
40404.0000 1370 886 0.6467
40413.7000 1370 887 0.6474
40416.5000 1370 888 0.6482
40426.4000 1370 889 0.6489
40433.0000 1371 889 0.6484
40465.0000 1372 889 0.6480
40481.2000 1372 890 0.6487
40490.0000 1373 890 0.6482
40517.3000 1373 891 0.6489
40521.0000 1374 891 0.6485
40543.8000 1374 892 0.6492
40553.0000 1375 892 0.6487
40580.0000 1376 892 0.6483
40610.0000 1377 892 0.6478
40627.5000 1377 893 0.6485
40638.0000 1378 893 0.6480
40666.0000 1379 893 0.6476
40699.0000 1380 893 0.6471
40728.0000 1381 893 0.6466
40753.0000 1382 893 0.6462
40784.0000 1383 893 0.6457
40789.4000 1383 894 0.6464
40812.0000 1384 894 0.6460
40835.6000 1384 895 0.6467
40838.0000 1385 895 0.6462
40871.0000 1386 895 0.6457
40878.2000 1386 896 0.6465
40898.0000 1387 896 0.6460
40907.8000 1387 897 0.6467
40917.6000 1387 898 0.6474
40926.0000 1388 898 0.6470
40955.0000 1389 898 0.6465
40955.1000 1389 899 0.6472
40984.7000 1389 900 0.6479
40986.0000 1390 900 0.6475
41015.0000 1391 900 0.6470
41025.5000 1391 901 0.6477
41047.0000 1392 901 0.6473
41048.8000 1392 902 0.6480
41057.0000 1392 903 0.6487
41075.0000 1393 903 0.6482
41078.0000 1393 904 0.6490
41106.0000 1394 904 0.6485
41109.2000 1394 905 0.6492
41123.9000 1394 906 0.6499
41138.0000 1395 906 0.6495
41169.0000 1396 906 0.6490
41181.6000 1396 907 0.6497
41198.0000 1397 907 0.6492
41227.0000 1398 907 0.6488
41241.0000 1398 908 0.6495
41255.0000 1399 908 0.6490
41274.5000 1399 909 0.6497
41281.0000 1400 909 0.6493
41313.0000 1401 909 0.6488
41346.0000 1402 909 0.6484
41363.5000 1402 910 0.6491
41364.5000 1402 911 0.6498
41377.0000 1403 911 0.6493
41411.0000 1404 911 0.6489
41442.0000 1405 911 0.6484
41459.5000 1405 912 0.6491
41474.0000 1406 912 0.6486
41476.9000 1406 913 0.6494
41481.0000 1406 914 0.6501
41498.3000 1406 915 0.6508
41504.2000 1406 916 0.6515
41508.0000 1407 916 0.6510
41531.4000 1407 917 0.6517
41539.0000 1408 917 0.6513
41573.0000 1409 917 0.6508
41578.3000 1409 918 0.6515
41598.0000 1410 918 0.6511
41604.6000 1410 919 0.6518
41620.1000 1410 920 0.6525
41622.6000 1410 921 0.6532
41626.0000 1411 921 0.6527
41646.7000 1411 922 0.6534
41655.0000 1412 922 0.6530
41680.0000 1413 922 0.6525
41696.0000 1413 923 0.6532
41711.0000 1414 923 0.6528
41745.0000 1415 923 0.6523
41771.0000 1416 923 0.6518
41773.8000 1416 924 0.6525
41776.8000 1416 925 0.6532
41799.8000 1416 926 0.6540
41800.0000 1417 926 0.6535
41812.6000 1417 927 0.6542
41826.0000 1418 927 0.6537
41856.8000 1418 928 0.6544
41857.0000 1419 928 0.6540
41885.0000 1420 928 0.6535
41885.3000 1420 929 0.6542
41885.8000 1420 930 0.6549
41911.9000 1420 931 0.6556
41919.0000 1421 931 0.6552
41945.0000 1422 931 0.6547
41975.0000 1423 931 0.6543
42005.0000 1424 931 0.6538
42036.0000 1425 931 0.6533
42040.8000 1425 932 0.6540
42061.0000 1426 932 0.6536
42064.1000 1426 933 0.6543
42092.0000 1427 933 0.6538
42106.3000 1427 934 0.6545
42106.9000 1427 935 0.6552
42119.0000 1428 935 0.6548
42133.1000 1428 936 0.6555
42150.0000 1429 936 0.6550
42178.0000 1430 936 0.6545
42178.1000 1430 937 0.6552
42178.6000 1430 938 0.6559
42182.6000 1430 939 0.6566
42212.0000 1431 939 0.6562
42245.0000 1432 939 0.6557
42261.8000 1432 940 0.6564
42262.8000 1432 941 0.6571
42272.0000 1433 941 0.6567
42298.0000 1434 941 0.6562
42306.2000 1434 942 0.6569
42311.2000 1434 943 0.6576
42314.5000 1434 944 0.6583
42329.0000 1435 944 0.6578
42330.8000 1435 945 0.6585
42340.2000 1435 946 0.6592
42357.0000 1436 946 0.6588
42389.0000 1437 946 0.6583
42400.2000 1437 947 0.6590
42415.0000 1438 947 0.6586
42445.0000 1439 947 0.6581
42456.2000 1439 948 0.6588
42474.0000 1440 948 0.6583
42507.0000 1441 948 0.6579
42535.0000 1442 948 0.6574
42562.9000 1442 949 0.6581
42566.0000 1443 949 0.6577
42566.2000 1443 950 0.6584
42593.0000 1444 950 0.6579
42594.1000 1444 951 0.6586
42618.0000 1445 951 0.6581
42626.5000 1445 952 0.6588
42626.6000 1445 953 0.6595
42643.0000 1446 953 0.6591
42668.0000 1447 953 0.6586
42697.0000 1448 953 0.6581
42702.6000 1448 954 0.6588
42706.1000 1448 955 0.6595
42722.0000 1449 955 0.6591
42756.0000 1450 955 0.6586
42780.5000 1450 956 0.6593
42783.0000 1451 956 0.6589
42816.4000 1451 957 0.6595
42817.0000 1452 957 0.6591
42843.0000 1453 957 0.6586
42863.9000 1453 958 0.6593
42872.0000 1454 958 0.6589
42897.0000 1455 958 0.6584
42927.0000 1456 958 0.6580
42961.0000 1457 958 0.6575
42975.7000 1457 959 0.6582
42991.0000 1458 959 0.6578
43003.2000 1458 960 0.6584
43017.0000 1458 961 0.6591
43018.6000 1458 962 0.6598
43024.0000 1459 962 0.6594
43053.0000 1460 962 0.6589
43086.0000 1461 962 0.6585
43112.7000 1461 963 0.6591
43114.0000 1462 963 0.6587
43148.0000 1463 963 0.6582
43176.4000 1463 964 0.6589
43177.0000 1464 964 0.6585
43198.4000 1464 965 0.6592
