0.0 382
1.0 833
2.0 1237
3.0 1724
4.0 2422
5.0 3106
6.0 4593
7.0 6486
8.0 3918
9.0 2567
10.0 1868
11.0 1699
12.0 1664
13.0 1807
14.0 1513
15.0 1136
16.0 708
17.0 430
18.0 333
19.0 303
20.0 274
21.0 251
22.0 221
23.0 170
24.0 170
25.0 151
26.0 134
27.0 105
28.0 106
29.0 118
30.0 110
31.0 85
32.0 66
33.0 59
34.0 75
35.0 60
36.0 61
37.0 62
38.0 42
39.0 30
40.0 35
41.0 37
42.0 38
43.0 24
44.0 26
45.0 13
46.0 23
47.0 32
48.0 17
49.0 19
50.0 12
51.0 14
52.0 15
53.0 17
54.0 17
55.0 15
56.0 22
57.0 18
58.0 17
59.0 10
60.0 13
61.0 13
62.0 9
63.0 11
64.0 5
65.0 18
66.0 12
67.0 16
68.0 7
69.0 16
70.0 12
71.0 6
72.0 5
73.0 5
74.0 5
75.0 4
76.0 4
77.0 5
78.0 5
79.0 5
80.0 4
81.0 5
82.0 6
83.0 8
84.0 6
85.0 8
86.0 2
87.0 3
88.0 2
89.0 1
90.0 5
91.0 3
92.0 3
93.0 7
94.0 0
95.0 2
96.0 3
97.0 6
98.0 1
99.0 2
100.0 1
101.0 2
102.0 1
103.0 4
104.0 4
105.0 1
106.0 2
107.0 1
108.0 1
109.0 2
110.0 0
111.0 1
112.0 2
113.0 3
114.0 1
115.0 1
116.0 2
117.0 3
118.0 2
119.0 2
120.0 1
121.0 1
122.0 2
123.0 0
124.0 1
125.0 0
126.0 0
127.0 1
128.0 2
129.0 1
130.0 0
131.0 1
132.0 0
133.0 0
134.0 0
135.0 0
136.0 0
137.0 1
138.0 0
139.0 1
140.0 0
141.0 0
142.0 1
143.0 2
144.0 0
145.0 1
146.0 1
147.0 1
148.0 1
149.0 0
150.0 0
151.0 0
152.0 0
153.0 0
154.0 2
155.0 0
156.0 1
157.0 0
158.0 0
159.0 1
160.0 0
161.0 0
162.0 0
163.0 0
164.0 0
165.0 1
166.0 0
167.0 0
168.0 0
169.0 0
170.0 0
171.0 0
172.0 0
173.0 1
174.0 0
175.0 1
176.0 0
177.0 0
178.0 0
179.0 0
180.0 2
181.0 0
182.0 0
183.0 0
184.0 0
185.0 0
186.0 0
187.0 0
188.0 0
189.0 0
190.0 0
191.0 0
192.0 0
193.0 0
194.0 0
195.0 0
196.0 0
197.0 0
198.0 0
199.0 0
200.0 0
201.0 0
202.0 0
203.0 0
204.0 0
205.0 2
206.0 0
207.0 0
208.0 0
209.0 0
210.0 0
211.0 0
212.0 0
213.0 0
214.0 0
215.0 0
216.0 0
217.0 0
218.0 0
219.0 0
220.0 1
221.0 0
222.0 0
223.0 0
224.0 0
225.0 0
226.0 1
227.0 0
228.0 0
229.0 0
230.0 0
231.0 0
232.0 0
233.0 0
234.0 0
235.0 0
236.0 0
237.0 0
238.0 0
239.0 0
240.0 0
241.0 0
242.0 0
243.0 0
244.0 0
245.0 0
246.0 1
247.0 0
248.0 0
249.0 0
250.0 0
251.0 0
252.0 0
253.0 1
254.0 0
255.0 0
256.0 1
257.0 0
258.0 0
259.0 0
260.0 0
261.0 0
262.0 0
263.0 0
264.0 0
265.0 0
266.0 0
267.0 0
268.0 0
269.0 0
270.0 0
271.0 0
272.0 1
273.0 0
274.0 0
275.0 0
276.0 0
277.0 0
278.0 0
279.0 0
280.0 0
281.0 0
282.0 0
283.0 0
284.0 0
285.0 0
286.0 0
287.0 0
288.0 0
289.0 0
290.0 0
291.0 0
292.0 0
293.0 1
294.0 0
